-20000  200. 
-19900  -3.3 
-19800  -52.4 
-19700  -120.4 
-19600  -122.2 
-19500  -99.1 
-19400  -102.6 
-19300  -91 
-19200  -85.7 
-19100  -80.4 
-19000  -75.3 
-18900  -87.8 
-18800  -76.1 
-18700  -85.2 
-18600  -57.9 
-18500  -52.9 
-18400  -47.4 
-18300  -49 
-18200  -55.1 
-18100  -50.6 
-18000  -39.2 
-17900  -42.8 
-17800  -72.4 
-17700  -4.3 
-17600  24 
-17500  -1.9 
-17400  -76.3 
-17300  -96.9 
-17200  -107.7 
-17100  -97 
-17000  -93.9 
-16900  -102.2 
-16800  -90.3 
-16700  -78.5 
-16600  -67.8 
-16500  -72 
-16400  -81.7 
-16300  -45.3 
-16200  -49 
-16100  -18.2 
-16000  -34.2 
-15900  -17.6 
-15800  -13.4 
-15700  -7.3 
-15600  -23.6 
-15500  -74.1 
-15400  -68.3 
-15300  -59.5 
-15200  -28.6 
-15100  -60.3 
-15000  -66.8 
-14900  -85.4 
-14800  -79.1 
-14700  -79.7 
-14600  -86 
-14500  -54.1 
-14400  -43.4 
-14300  -39.3 
-14200  -39.5 
-14100  -55.8 
-14000  -45.8 
-13900  -39.7 
-13800  -34.8 
-13700  -23 
-13600  -31.4 
-13500  11.1 
-13400  -16.8 
-13300  -26 
-13200  -83.1 
-13100  -96.8 
-13000  -92 
-12900  -90.6 
-12800  -104 
-12700  -55.4 
-12600  -85.2 
-12500  -58.4 
-12400  -52.7 
-12300  -52.1 
-12200  -31.9 
-12100  -30.6 
-12000  -9.5 
-11900  12.5 
-11800  12.8 
-11700  -0.2 
-11500  -29.5 
-11400  -84.7 
-11300  -115.3 
-11200  -122.1 
-11100  -122.7 
-11000  -102.4 
-10900  -84.8 
-10800  -87.5 
-10700  -82.7 
-10600  -99.9 
-10500  -96.7 
-10400  -73.7 
-10300  -53.4 
-10200  -35 
-10100  -34.9 
-10000  -39.7 
-9900  -23.4 
-9800  -60.8 
-9700  -68.6 
-9600  -78.8 
-9500  -61.2 
-9400  -54.8 
-9300  -78.3 
-9200  -75.3 
-9100  -84.6 
-9000  -73.7 
-8900  -66.5 
-8800  -73 
-8700  -65 
-8600  -50.6 
-8500  -41.6 
-8400  -25.6 
-8300  -25.6 
-8200  -67.6 
-8100  -79.1 
-8000  -56.5 
-7900  -49 
-7800  -52.8 
-7700  -39.2 
-7600  -50.7 
-7500  -72.9 
-7400  -117.8 
-7300  -124.2 
-7200  -114.3 
-7100  -122.7 
-7000  -111.9 
-6900  -106.4 
-6800  -101.6 
-6700  -93.3 
-6600  -80.5 
-6500  -91.7 
-6400  -80 
-6300  -82.8 
-6200  -82.4 
-6100  -53.8 
-6000  -62.2 
-5900  -70.5 
-5800  -78.9 
-5700  -87.2 
-5600  -95.1 
-5500  -96.4 
-5400  -63.7 
-5300  -70.4 
-5200  -75.5 
-5100  -77.6 
-5000  -73.6 
-4900  -86.1 
-4800  -91.5 
-4700  -85.4 
-4600  -62.3 
-4500  -53 
-4400  -45.1 
-4300  -21.8 
-4200  -44.2 
-4100  -48.5 
-4000  -98 
-3900  -82.5 
-3800  -77.2 
-3700  -58.6 
-3600  -41.3 
-3500  -55.7 
-3400  -52.6 
-3300  -51.1 
-3200  -48.4 
-3100  -27.6 
-3000  -24.3 
-2900  -36.2 
-2800  -33 
-2700  -19.3 
-2600  -61.6 
-2500  -83.6 
-2400  -109.3 
-2300  -106.9 
-2200  -93.7 
-2100  -90.1 
-2000  -84.3 
-1900  -64.2 
-1800  -60.3 
-1700  -74.6 
-1600  -89.1 
-1500  -66.8 
-1400  -51.5 
-1300  -31.2 
-1200  -22.2 
-1100  -19.8 
-1000  -9.8 
-900  2  
-800  -40.6 
-700  -41.1 
-600  -57.3 
-500  -38.6 
-400  -27.9 
-300  -42.6 
-200  -46.6 
-100  -29.3 
1  -48.1 