1.634385154775639393e+01
1.473839250837247228e+01
2.929629406640156830e+01
3.203441527637862496e+00
9.528517006564165115e+00
1.596490376235856523e+01
1.254289528664050657e+01
2.006012869711917901e+01
2.816724668991938074e+01
3.686080188746424824e+01
4.608618946625141177e+01
5.584264655148345469e+01
5.209698978536977876e+01
6.113151856428456199e+01
6.899513627717995234e+01
7.402057527167308137e+01
7.360809992710784400e+01
4.968434844269221173e+01
4.600754827817274872e+01
1.520922865378014599e+01
1.611558640046613888e+01
1.594687246956896765e+01
1.263220435585154888e+01
1.072734720451560264e+01
6.467021912248863025e+00
5.669138348910092162e+00
4.788514018199221844e+00
4.094540790166815825e+00
3.289358721843601785e+00
2.474133383325359592e+00
2.205330142806479987e+00
1.901720770641542435e+00
1.558519852787114912e+00
1.351301531734391270e+00
1.180922522968288035e+00
1.012109077996560691e+00
9.519140218052994928e-01
8.131335937006317627e-01
7.746259261470646029e-01
6.706768928015279796e-01
6.387180219421553229e-01
6.237457313680682125e-01
5.941524058130348562e-01
5.758452086786424173e-01
5.598549916406643234e-01
5.336941976456597292e-01
5.139601780479660098e-01
4.995362762755249930e-01
4.871309343244726309e-01
4.815974875650719245e-01
4.718110992927290748e-01
4.677287379370273501e-01
4.634270513112747070e-01
4.588495342998477611e-01
4.556753243890336313e-01
4.536250379795778720e-01
4.512329678421484469e-01
