1.854223295020262785e-01
5.210880372363542179e-01
7.774966798924500821e-01
9.770860576828702682e-01
1.062655719519918662e+00
1.066910683455402742e+00
1.035479821846104098e+00
9.961794267426656857e-01
9.564091940475610842e-01
9.962646999953850280e-01
1.009771538223945830e+00
9.392855484819336853e-01
9.598625703630799810e-01
9.103907368363928221e-01
7.737222646854922115e-01
6.893357794388509374e-01
6.334198121503947787e-01
5.639910203639812991e-01
5.192178694398748018e-01
4.821002206029191828e-01
4.640342662279846597e-01
4.550375548255963243e-01
4.412069149212278774e-01
4.298675753729628846e-01
4.210206607759057751e-01
