9.474722769978620729e-01
9.474722769978620729e-01
9.227104709077952327e-01
9.227104709077952327e-01
9.227104709077952327e-01
9.052012299070826273e-01
9.052012299070826273e-01
9.052012299070826273e-01
9.052012299070826273e-01
9.052012299070826273e-01
9.052012299070826273e-01
8.876919889063700220e-01
8.876919889063700220e-01
8.876919889063700220e-01
8.876919889063700220e-01
8.876919889063700220e-01
8.629301828163031818e-01
8.629301828163031818e-01
8.629301828163031818e-01
8.629301828163031818e-01
8.629301828163031818e-01
8.629301828163031818e-01
8.454209418155904654e-01
8.454209418155904654e-01
8.454209418155904654e-01
8.454209418155904654e-01
8.454209418155904654e-01
8.279117008148778600e-01
8.279117008148778600e-01
8.104024598141652547e-01
8.104024598141652547e-01
7.608788476340314633e-01
7.608788476340314633e-01
7.608788476340314633e-01
7.186078005432520177e-01
7.186078005432520177e-01
7.186078005432520177e-01
6.938459944531851775e-01
6.763367534524724611e-01
6.515749473624056209e-01
6.340657063616930156e-01
6.340657063616930156e-01
6.165564653609804102e-01
5.917946592709135700e-01
5.742854182702008536e-01
5.392669362687756429e-01
5.392669362687756429e-01
4.969958891779960863e-01
4.794866481772834810e-01
4.619774071765707646e-01
4.372156010865039244e-01
4.124537949964369732e-01
3.454209418155905764e-01
3.454209418155905764e-01
3.104024598141652547e-01
3.104024598141652547e-01
2.753839778127400439e-01
2.010985595425393013e-01
2.010985595425393013e-01
2.010985595425393013e-01
1.763367534524724611e-01
1.268131412723385587e-01
1.268131412723385587e-01
9.179465927091334798e-02
9.179465927091334798e-02
