9.402197119085078381e-01
9.402197119085078381e-01
9.227104709077952327e-01
9.052012299070826273e-01
8.804394238170157871e-01
8.556776177269489470e-01
8.309158116368819957e-01
8.061540055468151555e-01
7.813921994567483154e-01
7.463737174553231046e-01
7.041026703645435481e-01
6.370698171836970403e-01
5.947987700929175947e-01
5.700369640028506435e-01
5.350184820014254328e-01
4.474722769978622949e-01
4.299630359971496896e-01
4.052012299070827384e-01
3.381683767262363416e-01
2.958973296354567850e-01
2.463737174553229936e-01
1.865934293638307206e-01
1.443223822730512751e-01
1.268131412723385587e-01
9.179465927091334798e-02
