0.313793094509152
0.119391360124595
0.125533132033337
0.242834024147593
0.0815238718151874
0.265571357460080
0.173684013653575
0.0669641978270032
0.0648661518325269
0.424336618225261
0.171171095592674
0.201922920566831
0.0732758175241751
0.149718374227234
0.130214327197334
0.114003287179389
0.242537673277167
0.449072413364799
0.440838869805933
0.140820607174366
0.181818049130427
0.398729884845353
0.218855124693672
0.136702158630922
0.0632623101785811
0.276315470741497
0.145833163436936
0.499341500823427