0.845214040567483
0.104607439597059
0.0789524377212558
0.668823562359249
0.222525904257812
0.200000197631258
0.295739616677773
0.546741017065519
0.332576174238258
0.258307476488117
0.461893988560615
0.575235339101482
0.231397681966296
0.146341264856073
0.656855124488350
0.738460509202480
0.105822806695917
0.196890880443895
0.196527731558137
0.769230968280611
0.132073500412504
0.393674585668365
0.513466383950663
0.436523012341379
0.271536315357824
0.0838926548376771
0.0845364562880537
0.0502897185080130
0.275143117294429
0.298014173629580
0.409755211572952
0.278261290481499
0.0488943626617680
0.0522876132181245
0.130919210855073
0.0869564470204565
0.230294601465530
0.200215393416116
0.371214988594593
0.0566666725224070
0.0981594536623723
0.203542440974626
0.0846265688238796
0.281380326187895
0.169955558493794
0.637541184366317
0.138516692902944
0.768947177948266
0.783632005478827
0.560110515137334
0.695576314979432
0.286363182302623
0.0727272204612442
0.271929310563023
0.135999937601266
0.388770034910629
0.158241708254123
0.0774196670928502