8.563695219481554100e-01
8.563695219481554100e-01
8.563695219481554100e-01
8.563695219481554100e-01
8.563695219481554100e-01
7.950713811813130416e-01
7.696808599274318485e-01
7.442903386735506555e-01
7.442903386735506555e-01
7.263365289170700123e-01
7.263365289170700123e-01
7.263365289170700123e-01
7.263365289170700123e-01
8.309790006942742169e-01
6.365674801346672407e-01
6.365674801346672407e-01
6.111769588807860476e-01
6.111769588807860476e-01
5.752693393678247613e-01
5.244882968600623752e-01
5.244882968600623752e-01
5.244882968600623752e-01
5.244882968600623752e-01
5.065344871035819541e-01
5.065344871035819541e-01
4.885806773471013109e-01
4.706268675906207788e-01
4.526730578341401356e-01
4.526730578341401356e-01
4.526730578341401356e-01
4.272825365802589426e-01
3.839382055698972174e-01
3.839382055698972174e-01
3.839382055698972174e-01
3.839382055698972174e-01
3.839382055698972174e-01
3.405938745595354922e-01
3.405938745595354922e-01
3.152033533056542991e-01
3.152033533056542991e-01
3.152033533056542991e-01
3.152033533056542991e-01
2.644223107978919129e-01
2.644223107978919129e-01
2.390317895440107199e-01
2.390317895440107199e-01
2.390317895440107199e-01
2.390317895440107199e-01
2.390317895440107199e-01
1.882507470362483337e-01
1.882507470362483337e-01
1.882507470362483337e-01
1.628602257823671406e-01
1.374697045284859476e-01
1.374697045284859476e-01
1.374697045284859476e-01
1.374697045284859476e-01
1.374697045284859476e-01
1.374697045284859476e-01
1.374697045284859476e-01
1.374697045284859476e-01
1.015620850155247723e-01
1.015620850155247723e-01
1.015620850155247723e-01
1.015620850155247723e-01
1.015620850155247723e-01
1.015620850155247723e-01
1.015620850155247723e-01
1.015620850155247723e-01
1.015620850155247723e-01
1.015620850155247723e-01
7.617156376164357923e-02
2.539052125388119308e-02
2.539052125388119308e-02
2.539052125388119308e-02
2.539052125388119308e-02
2.539052125388119308e-02
