2.154772552548034903e-01
3.634155816111349635e-01
4.343973291010242987e-01
4.665868195506994720e-01
4.804685037057024877e-01
4.237604740881251164e-01
4.065101145716582542e-01
3.935046039634966242e-01
4.356783388599224649e-01
4.293630469247089465e-01
4.553299774997158211e-01
4.718587957727278792e-01
4.416465863029809258e-01
5.885753469353277589e-01
4.437576466561032329e-01
4.688033629006773118e-01
4.620641034402024894e-01
4.809648317432180797e-01
4.588273290917301850e-01
3.977723130944315066e-01
4.321503053925574434e-01
4.585808917135114626e-01
4.765633203347631186e-01
4.738171641465592776e-01
4.856512095601082102e-01
4.861573906695425551e-01
4.854443552655933747e-01
4.841110496652319961e-01
4.935221467645293236e-01
4.999485791681030911e-01
4.967836106086107595e-01
4.665036634111837666e-01
4.770000952513923642e-01
4.848325021618800634e-01
4.905531550952638709e-01
4.946148511081932542e-01
4.814041391571661221e-01
4.870262558995926416e-01
4.807798850977049732e-01
4.861076968744906246e-01
4.908642606263520225e-01
4.941038856541062341e-01
4.767299650237359354e-01
4.817500133963798503e-01
4.733162247054666372e-01
4.792119031993760103e-01
4.840092179982641296e-01
4.878833957030324076e-01
4.909886772394833621e-01
4.709794887738490976e-01
4.770251747428956302e-01
4.819005405125167951e-01
4.724584925925084944e-01
4.593795846668139449e-01
4.662780597152145212e-01
4.722612106502146467e-01
4.768437881363222219e-01
4.807509824447145919e-01
4.846894798579968744e-01
4.880494680622693426e-01
4.909014399277554785e-01
4.681520979321024956e-01
4.732065223458291614e-01
4.776544415933068333e-01
4.815538451015055621e-01
4.849585203715604531e-01
4.879184719012591431e-01
4.904812866009755634e-01
4.926918100890715912e-01
4.945912891091200914e-01
4.962170049712497644e-01
4.895843440053848084e-01
4.459724126411386824e-01
4.508194946031462425e-01
4.552998838175600915e-01
4.595241169412626059e-01
4.633277193913469261e-01
