1.430685887612769269e+00
1.079252456075350697e+00
2.865842349247101684e+00
4.569329042906501215e+00
4.963527102314423622e+00
2.264661310993024479e+00
3.780530029112155077e+00
5.292932191876918324e+00
6.630878168994557953e+00
8.082364964137999763e+00
4.902509919436414343e+00
6.245306077123194299e+00
7.345687074378001391e+00
8.536911181153580941e+00
9.701819197824711694e+00
7.142186712377393221e+00
8.068237456388663631e+00
8.902800680118003740e+00
1.010500784365617299e+01
8.946174129772327177e+00
9.796834078089529996e+00
1.057869516018329747e+01
1.114071623855028825e+01
1.183975581114806097e+01
1.251038785011718169e+01
7.967555192131771769e+00
8.325604069625432757e+00
8.936478327344625328e+00
6.710959133485486561e+00
7.086852625718981891e+00
7.541450534154801488e+00
8.083920534385628187e+00
8.606190288780272368e+00
7.773129749452015957e+00
8.316770531475402350e+00
8.731932486060017595e+00
9.294353733327783473e+00
9.827178166834139361e+00
1.036985788246003182e+01
1.077673925752152151e+01
1.133986492801182067e+01
1.060607373701208944e+00
1.135866368892274991e+00
1.214373839263317656e+00
1.295139367013121712e+00
1.411890212196578398e+00
1.499619039781558527e+00
1.594055252717981208e+00
1.690140260688466567e+00
1.789054468029853906e+00
1.888901646912491294e+00
1.994121277107246515e+00
2.101473196070431815e+00
2.027548826065001197e+00
2.135500459434612530e+00
2.252348440228743698e+00
2.362506974722158315e+00
2.473694995730604695e+00
2.551616150152258733e+00
2.662781037184076105e+00
2.481179031927781775e+00
2.588590345187609554e+00
2.486075639002180093e+00
2.593131876395705415e+00
2.695271888624979351e+00
2.794769656495606824e+00
2.855006650424531500e+00
2.908436733917949102e+00
2.979007242918352283e+00
3.048174681095762839e+00
3.181870239402023959e+00
3.266980085831574954e+00
3.335807516403753947e+00
3.385792261592130092e+00
3.353288431337100306e+00
3.280595371494941404e+00
3.049191126644120953e+00
3.018911557503750398e+00
2.936346929295145181e+00
2.873570629238746843e+00
2.799991738843271349e+00
2.689041175744797396e+00
2.579210279204534384e+00
2.521151291424926111e+00
2.446958287994129400e+00
2.388619140307478794e+00
2.297974811069185996e+00
2.229882293178321095e+00
2.138274490517499959e+00
2.141460236149276497e+00
2.038360988110155425e+00
2.003107362236991484e+00
1.920818691320665739e+00
1.837781704327601018e+00
1.858178656588983291e+00
1.849449259631596343e+00
1.771940039797797128e+00
1.659521606709802422e+00
1.607309049983287608e+00
1.651194862136982078e+00
1.630476034309376709e+00
1.525067213303772151e+00
1.484823764677701829e+00
1.535022662820711314e+00
1.441628937775559782e+00
1.364621350849965165e+00
1.333530451215353407e+00
1.357032991221184259e+00
1.278504597187310576e+00
1.227806463437147499e+00
1.155454088201555818e+00
1.163808187219668389e+00
1.123377255775281025e+00
1.058369880340340519e+00
1.087168256492477614e+00
1.018948197952242340e+00
1.023062606990553070e+00
1.029325859936755627e+00
9.693085420250484585e-01
9.941748567480798160e-01
9.881445010774000393e-01
9.840961220349659921e-01
9.777122718529464018e-01
9.705214773108453707e-01
9.570442522519929662e-01
9.510164884105909433e-01
9.160154530601372080e-01
9.319913594547176716e-01
9.183884619184417009e-01
9.133633338899566079e-01
9.015462312393226485e-01
8.850607246889347079e-01
8.685462071523855077e-01
8.537444665886442241e-01
8.401060339573598323e-01
8.469672629808834285e-01
8.286815164493916974e-01
8.233560633738081780e-01
8.071894293872623471e-01
8.250990207942803245e-01
8.134622413929654128e-01
7.992178737632597008e-01
7.829384304645987669e-01
7.836578700643467288e-01
7.752484986661294375e-01
7.618375625522054717e-01
7.606327343672221186e-01
7.476429049134979410e-01
7.361708186643665108e-01
7.303996030237750459e-01
7.204495389600179545e-01
7.096549190564565013e-01
6.942039790750036410e-01
6.871156096093840038e-01
6.796566549928814149e-01
6.282995487709939209e-01
6.278479813893146355e-01
6.274545450847239803e-01
6.265318007127973488e-01
6.250823280062470788e-01
6.229656580019584666e-01
6.201785532225015940e-01
6.164717435445632443e-01
6.020573019900452572e-01
6.002378972906012855e-01
5.981917030945492764e-01
5.963988237407432669e-01
5.818788127869776172e-01
5.809512517472137372e-01
5.795910792350358332e-01
5.780989144285817449e-01
5.624077690566378074e-01
5.624102732953443207e-01
5.621600247357331215e-01
5.616852494563814302e-01
5.618029880779474849e-01
