4.321915576449475438e-01
9.668076423522337093e-01
9.668076423522337093e-01
9.668076423522337093e-01
9.668076423522337093e-01
9.668076423522337093e-01
9.668076423522337093e-01
9.668076423522337093e-01
9.668076423522337093e-01
9.668076423522337093e-01
9.668076423522337093e-01
9.668076423522337093e-01
9.668076423522337093e-01
9.502114635283505084e-01
9.502114635283505084e-01
9.502114635283505084e-01
9.502114635283505084e-01
9.336152847044673075e-01
9.336152847044673075e-01
9.170191058805841067e-01
9.170191058805841067e-01
9.004229270567010168e-01
9.004229270567010168e-01
8.838267482328178160e-01
8.838267482328178160e-01
8.672305694089346151e-01
8.437600282326299661e-01
8.437600282326299661e-01
8.271638494087467652e-01
8.105676705848635644e-01
7.636265882322541554e-01
7.636265882322541554e-01
7.401560470559493954e-01
3.383093929397283928e-01
3.383093929397283928e-01
3.383093929397283928e-01
3.383093929397283928e-01
3.383093929397283928e-01
3.383093929397283928e-01
3.383093929397283928e-01
3.383093929397283928e-01
3.383093929397283928e-01
3.383093929397283928e-01
3.383093929397283928e-01
3.148388517634236328e-01
3.148388517634236328e-01
3.148388517634236328e-01
3.148388517634236328e-01
3.148388517634236328e-01
3.148388517634236328e-01
3.148388517634236328e-01
3.148388517634236328e-01
3.148388517634236328e-01
2.913683105871188728e-01
2.913683105871188728e-01
2.913683105871188728e-01
2.913683105871188728e-01
2.913683105871188728e-01
2.913683105871188728e-01
2.678977694108141128e-01
2.678977694108141128e-01
2.678977694108141128e-01
2.678977694108141128e-01
2.444272282345093528e-01
2.444272282345093528e-01
2.444272282345093528e-01
2.444272282345093528e-01
2.209566870582044817e-01
2.209566870582044817e-01
2.209566870582044817e-01
1.974861458818997217e-01
1.974861458818997217e-01
1.974861458818997217e-01
1.740156047055949617e-01
1.740156047055949617e-01
1.740156047055949617e-01
1.505450635292902017e-01
1.505450635292902017e-01
1.505450635292902017e-01
1.270745223529854417e-01
1.270745223529854417e-01
1.270745223529854417e-01
1.036039811766806817e-01
1.036039811766806817e-01
1.036039811766806817e-01
8.013344000037592174e-02
8.013344000037592174e-02
8.013344000037592174e-02
5.666289882407116174e-02
5.666289882407116174e-02
5.666289882407116174e-02
3.319235764776629072e-02
3.319235764776629072e-02
0.000000000000000000e+00
0.000000000000000000e+00
0.000000000000000000e+00
0.000000000000000000e+00
0.000000000000000000e+00
0.000000000000000000e+00
0.000000000000000000e+00
0.000000000000000000e+00
0.000000000000000000e+00
0.000000000000000000e+00
0.000000000000000000e+00
0.000000000000000000e+00
