9.413399545519186562e-01
9.224149874235447744e-01
9.224149874235447744e-01
9.224149874235447744e-01
9.224149874235447744e-01
9.037916902266656116e-01
9.037916902266656116e-01
9.037916902266656116e-01
9.037916902266656116e-01
9.045524224379598577e-01
8.854629069255518514e-01
8.854629069255518514e-01
8.854629069255518514e-01
8.863614623232998202e-01
8.863614623232998202e-01
8.674217060438498272e-01
8.674217060438498272e-01
8.674217060438498272e-01
8.684537004341028599e-01
8.496613719246889351e-01
8.496613719246889351e-01
8.496613719246889351e-01
8.508225745740671808e-01
8.508225745740671808e-01
8.508225745740671808e-01
8.244514822944103427e-01
8.244514822944103427e-01
8.244514822944103427e-01
8.072927582977972305e-01
8.072927582977972305e-01
8.072927582977972305e-01
8.072927582977972305e-01
8.072927582977972305e-01
7.887885053796066526e-01
7.887885053796066526e-01
7.887885053796066526e-01
7.903950669343905444e-01
7.903950669343905444e-01
7.903950669343905444e-01
7.903950669343905444e-01
7.903950669343905444e-01
7.384552398999888467e-01
7.384552398999888467e-01
7.384552398999888467e-01
7.384552398999888467e-01
7.404296388959368258e-01
7.404296388959368258e-01
7.404296388959368258e-01
7.404296388959368258e-01
7.404296388959368258e-01
7.404296388959368258e-01
7.404296388959368258e-01
7.404296388959368258e-01
7.167936938264121149e-01
7.167936938264121149e-01
7.167936938264121149e-01
7.167936938264121149e-01
7.167936938264121149e-01
7.167936938264121149e-01
7.167936938264121149e-01
6.912129358556173830e-01
6.912129358556173830e-01
6.681187749119072983e-01
6.681187749119072983e-01
6.681187749119072983e-01
6.681187749119072983e-01
6.681187749119072983e-01
6.681187749119072983e-01
6.681187749119072983e-01
6.681187749119072983e-01
6.705686607401848409e-01
6.705686607401848409e-01
6.705686607401848409e-01
6.705686607401848409e-01
6.705686607401848409e-01
6.705686607401848409e-01
6.453655676186903500e-01
6.479642305661166279e-01
6.479642305661166279e-01
6.479642305661166279e-01
6.479642305661166279e-01
6.479642305661166279e-01
6.229458187340715103e-01
6.229458187340715103e-01
6.229458187340715103e-01
6.256886685507332402e-01
6.256886685507332402e-01
6.256886685507332402e-01
6.256886685507332402e-01
6.008522511102536434e-01
6.008522511102536434e-01
6.008522511102536434e-01
6.008522511102536434e-01
6.037348495516960956e-01
5.790777978182862773e-01
5.790777978182862773e-01
5.790777978182862773e-01
5.790777978182862773e-01
5.790777978182862773e-01
5.544207460848764590e-01
5.576155946116141404e-01
5.576155946116141404e-01
5.576155946116141404e-01
5.331353364445833298e-01
5.331353364445833298e-01
5.331353364445833298e-01
5.364589727115380846e-01
5.121529909038461392e-01
5.121529909038461392e-01
5.121529909038461392e-01
5.121529909038461392e-01
4.878470090961541938e-01
4.878470090961541938e-01
4.914672826236758940e-01
4.673331133486873235e-01
4.673331133486873235e-01
4.431989440736987529e-01
4.190647747987101823e-01
4.190647747987101823e-01
3.991776591463073176e-01
2.314242783355634492e-01
2.314242783355634492e-01
2.314242783355634492e-01
2.314242783355634492e-01
2.314242783355634492e-01
2.314242783355634492e-01
2.074595096483142775e-01
2.129836703222894867e-01
2.129836703222894867e-01
2.129836703222894867e-01
2.129836703222894867e-01
2.129836703222894867e-01
2.129836703222894867e-01
2.129836703222894867e-01
1.891859407129861115e-01
1.947983521065531631e-01
1.947983521065531631e-01
1.947983521065531631e-01
1.947983521065531631e-01
1.768630588246349333e-01
1.768630588246349333e-01
1.768630588246349333e-01
1.768630588246349333e-01
1.533925176483301733e-01
1.533925176483301733e-01
1.533925176483301733e-01
1.299219764720254133e-01
1.299219764720254133e-01
1.299219764720254133e-01
1.064514352957206533e-01
1.064514352957206533e-01
1.064514352957206533e-01
8.298089411941578231e-02
8.298089411941578231e-02
8.298089411941578231e-02
4.978853647164949159e-02
4.978853647164949159e-02
4.978853647164949159e-02
4.978853647164949159e-02
4.978853647164949159e-02
4.978853647164949159e-02
4.978853647164949159e-02
4.978853647164949159e-02
3.319235764776629072e-02
3.319235764776629072e-02
3.319235764776629072e-02
3.319235764776629072e-02
1.659617882388320087e-02
1.659617882388320087e-02
1.659617882388320087e-02
1.659617882388320087e-02
0.000000000000000000e+00
0.000000000000000000e+00
0.000000000000000000e+00
0.000000000000000000e+00
0.000000000000000000e+00
