2.367411250293009750e-01
6.607171010414337742e-01
2.674877660318981665e-01
6.594609412622871591e-01
6.234167734141806694e-01
4.726278022165676940e-01
4.405436543130668570e-01
4.494577211747688983e-01
4.872771124197593506e-01
5.013035095304275712e-01
5.429209126367106064e-01
5.323793872753499468e-01
5.197506394008925001e-01
4.948285553596898367e-01
5.274354489144632563e-01
5.006054675402086263e-01
5.276244155926472779e-01
4.979507032149400048e-01
4.438939389679578684e-01
5.533334706608543652e-01
4.842696291017281607e-01
4.237708868085237057e-01
4.468556528113488691e-01
4.560641291514899165e-01
5.123231712532978488e-01
5.317572170988247304e-01
5.830923296024480562e-01
5.830820935402444283e-01
4.893058357696982719e-01
4.825104723212895186e-01
5.221719987550873521e-01
5.370823545041287783e-01
5.295899278739204519e-01
4.670782772993128940e-01
4.747755950280045933e-01
4.971043434856610710e-01
4.532513274071344189e-01
5.052245343942199929e-01
4.704536046791044090e-01
4.757907069277408363e-01
5.278555209855890773e-01
5.275829184668255900e-01
5.509784538688112798e-01
5.528625664123246741e-01
5.106695073430377319e-01
4.926906401806740443e-01
4.656451286998168904e-01
5.204089118952243131e-01
5.896559411052609834e-01
5.689498427186578944e-01
5.405304300859233857e-01
4.765705743911804460e-01
4.738268361729447431e-01
4.336149949772272749e-01
4.946995420229956530e-01
5.283049510712022334e-01
5.452747413238152596e-01
5.318497366724511677e-01
