6.514341158216876426e-01
5.007850689679949063e-01
8.631147120023697772e-01
4.769784381061825118e-01
6.020048697559839956e-01
5.673576644829830817e-01
5.486772970923824433e-01
5.761077252863847642e-01
5.257707974075066515e-01
5.144560717463951827e-01
5.299814924273513750e-01
5.096217315882611842e-01
5.311332417678162887e-01
5.399057566338139047e-01
5.376550540993251248e-01
4.890809650337453740e-01
4.830318805607077826e-01
4.644002243150094356e-01
5.133268734198345173e-01
5.040315226688782957e-01
5.256431289333782786e-01
5.005951624371736131e-01
4.605518998156279964e-01
4.645327086840670416e-01
4.820578263850048284e-01
5.201551532630892538e-01
5.236265345113451097e-01
5.283407819207122103e-01
5.332889244781995330e-01
4.911003365750159499e-01
4.836733974848363982e-01
4.838933779043925743e-01
4.772427642262965231e-01
4.572232182193290417e-01
4.424624519820188895e-01
4.438984748156364346e-01
4.641395797788169242e-01
5.106533938653924354e-01
5.045476392686293332e-01
5.095465957911031740e-01
4.937640570708997090e-01
5.327854816323308595e-01
5.529796432843477882e-01
5.391121658767750180e-01
5.171662261619365264e-01
4.967884128745431727e-01
5.124743231997845871e-01
5.327599526133540708e-01
5.224716016592273471e-01
5.434183837561697983e-01
5.417513124321153839e-01
5.029691804845343173e-01
4.742616182791483670e-01
4.492764741910606485e-01
4.702700645832880166e-01
4.913577488233352164e-01
5.116816637513781352e-01
4.903947023644271708e-01
