6.226755058540631715e-01
4.706438385145157444e-01
3.610105878079908903e-01
2.338153379089229489e-01
1.593060855874841586e-01
2.483641744047959676e-02
2.483641744047959676e-02
2.483641744047959676e-02
2.483641744047959676e-02
2.483641744047959676e-02
2.483641744047959676e-02
2.483641744047959676e-02
2.483641744047959676e-02
2.483641744047959676e-02
2.483641744047959676e-02
2.483641744047959676e-02
2.483641744047959676e-02
2.483641744047959676e-02
2.483641744047959676e-02
2.483641744047959676e-02
2.483641744047959676e-02
2.483641744047959676e-02
2.483641744047959676e-02
2.483641744047959676e-02
2.483641744047959676e-02
2.483641744047959676e-02
2.483641744047959676e-02
2.483641744047959676e-02
2.483641744047959676e-02
2.483641744047959676e-02
2.483641744047959676e-02
2.483641744047959676e-02
2.483641744047959676e-02
2.483641744047959676e-02
2.483641744047959676e-02
2.483641744047959676e-02
2.483641744047959676e-02
2.483641744047959676e-02
2.483641744047959676e-02
2.483641744047959676e-02
2.483641744047959676e-02
2.483641744047959676e-02
2.483641744047959676e-02
2.483641744047959676e-02
2.483641744047959676e-02
2.483641744047959676e-02
2.483641744047959676e-02
2.483641744047959676e-02
2.483641744047959676e-02
2.483641744047959676e-02
2.483641744047959676e-02
2.483641744047959676e-02
2.483641744047959676e-02
2.483641744047959676e-02
2.483641744047959676e-02
2.483641744047959676e-02
2.483641744047959676e-02
2.483641744047959676e-02
