1.50000000000000
0.630000000000000
0.730000000000000
0.520000000000000
0.420000000000000
0.570000000000000
0.490000000000000
0.380000000000000
0.400000000000000
0.210000000000000
0.500000000000000
0.450000000000000
0.520000000000000
0.300000000000000
0.840000000000000
0.400000000000000
4.50000000000000
0.320000000000000
0.220000000000000
0.290000000000000
0.430000000000000
1.20000000000000
0.730000000000000
0.390000000000000
0.170000000000000
1
0.320000000000000
0.430000000000000
1
1.50000000000000
0.270000000000000
0.700000000000000
0.450000000000000
0.630000000000000
0.570000000000000
0.350000000000000
0.510000000000000
0.480000000000000
0.0700000000000000
0.400000000000000
0.500000000000000
0.740000000000000
0.520000000000000
0.590000000000000
0.560000000000000
1.10000000000000
0.910000000000000
0.800000000000000
0.300000000000000
0.300000000000000
0.670000000000000
0.700000000000000
0.300000000000000
0.500000000000000
0.550000000000000
0.280000000000000
0.460000000000000
0.370000000000000
0.230000000000000
0.270000000000000
0.640000000000000
0.600000000000000
0.380000000000000
0.190000000000000
0.440000000000000
0.470000000000000
0.860000000000000
0.310000000000000
0.290000000000000
4.30000000000000
14
4.20000000000000
1.10000000000000
9.10000000000000
2
10
0.440000000000000
2.50000000000000
0.240000000000000
1.40000000000000
2.80000000000000
2.30000000000000
0.380000000000000
3
0.630000000000000
1.20000000000000
1.70000000000000
1.40000000000000
0.620000000000000
0.880000000000000
7.20000000000000
0.570000000000000
1.30000000000000
1.90000000000000
1.60000000000000
6.40000000000000
2.10000000000000
0.230000000000000
0.730000000000000
4.50000000000000
7.90000000000000
1.50000000000000
4.50000000000000
3.20000000000000
0.500000000000000
11
0.230000000000000
0.450000000000000
0.720000000000000
1.40000000000000
6.30000000000000
0.900000000000000
0.420000000000000
0.840000000000000
2.20000000000000
0.550000000000000
0.740000000000000
3.80000000000000
0.260000000000000
0.630000000000000
1.50000000000000
3
0.370000000000000
0.180000000000000
2.60000000000000
0.200000000000000
1
0.340000000000000
5.70000000000000
1.50000000000000
0.400000000000000
2.10000000000000
2.20000000000000
10
0.720000000000000
1.30000000000000
3.50000000000000
0.930000000000000
1.20000000000000
0.420000000000000
2.70000000000000
3
8.90000000000000
0.440000000000000
1.20000000000000
2.30000000000000
0.530000000000000
0.470000000000000
0.410000000000000
4.30000000000000
0.390000000000000
2.70000000000000
0.320000000000000
0.620000000000000
4
1.70000000000000
0.180000000000000
1.80000000000000
0.530000000000000
23
2
1.40000000000000
0.920000000000000
6.40000000000000
3.30000000000000
3.20000000000000
4.30000000000000
5.20000000000000
0.970000000000000
1.80000000000000
0.520000000000000
4.20000000000000
0.460000000000000
0.250000000000000
5.50000000000000
0.390000000000000
1.50000000000000
3
0.690000000000000
0.190000000000000
5.60000000000000
4.20000000000000
0.590000000000000
2.20000000000000
5.60000000000000
0.510000000000000
1.70000000000000
1.20000000000000
6.80000000000000
1
1.30000000000000
1.20000000000000
1.10000000000000
1.60000000000000
0.440000000000000
0.820000000000000
2.10000000000000
0.280000000000000
1.30000000000000
0.860000000000000
6.60000000000000
0.800000000000000
0.720000000000000
0.400000000000000
2.60000000000000
0.730000000000000
0.260000000000000
0.970000000000000
0.720000000000000
0.840000000000000
0.620000000000000
1.40000000000000
1.40000000000000
2
0.620000000000000
0.670000000000000