0.509803922000000
0
0.485714286000000
0.140000000000000
0.217391304000000
0.304166667000000
0
0.0892857140000000
0.0117647060000000
0.153846154000000
0.0555555560000000
0.0882352940000000
0.0654761900000000
0
0.144736842000000
0.103703704000000
0.695945946000000
0.0350877190000000
0.157894737000000
0.456521739000000
0.0465116280000000
0.477777778000000
0.0901960780000000
0.0942028990000000
0.100000000000000
0.375939850000000
0.0632911390000000
0
0.210000000000000
0.146067416000000
0.142857143000000
0.132352941000000
0.0300000000000000
0.128491620000000
0.0941176470000000
0.0285714290000000
0.0168776370000000
0.0521472390000000
0.0224719100000000
0.0217391300000000
0.0133333330000000
0.244565217000000
0.0480769230000000
0.0349650350000000
0.0461538460000000
0.526666667000000
0.115384615000000
0.333333333000000
0.150000000000000
0.328125000000000
0.106508876000000
0.0583333330000000
0.130434783000000
0.0805369130000000
0.130434783000000
0
0.177083333000000
0.0476190480000000
0.0540540540000000
0.187500000000000
0.246376812000000
0.0979020980000000
0.0166666670000000
0.0750000000000000
0.488372093000000
0.0566037740000000
0.469565217000000
0
0
0.739795918000000
0.724489796000000
0.649006623000000
0.491666667000000
0.724550898000000
0.345864662000000
0.755681818000000
0.136986301000000
0.693506494000000
0.488372093000000
0.544303797000000
0.544871795000000
0.638297872000000
0.0641025640000000
0.497175141000000
0.253731343000000
0.595744681000000
0.633986928000000
0.604651163000000
0.388513514000000
0.625254582000000
0.831365936000000
0.278431373000000
0.582417582000000
0.519125683000000
0.815789474000000
0.811224490000000
0.752727273000000
0.0689655170000000
0.525423729000000
0.770700637000000
0.661710037000000
0.150000000000000
0.500000000000000
0.718032787000000
0.0500000000000000
0.778501629000000
0.0686274510000000
0.0434782610000000
0.206521739000000
0.458149780000000
0.723404255000000
0.207547170000000
0.396984925000000
0.379032258000000
0.534188034000000
0.0540540540000000
0.392156863000000
0.708154506000000
0.0857142860000000
0.263157895000000
0.712765957000000
0.724137931000000
0.111111111000000
0.256410256000000
0.624242424000000
0.0200000000000000
0.442622951000000
0.250000000000000
0.679245283000000
0.368956743000000
0.174603175000000
0.518041237000000
0.614678899000000
0.872000000000000
0.171052632000000
0.455089820000000
0.723404255000000
0.531055901000000
0.217948718000000
0.557046980000000
0.676348548000000
0.600600601000000
0.814102564000000
0.190476190000000
0.520661157000000
0.532751092000000
0.0400000000000000
0.0615384620000000
0.507462687000000
0.686868687000000
0.126903553000000
0.641711230000000
0.0526315790000000
0.250000000000000
0.581920904000000
0.233766234000000
0.125000000000000
0.364285714000000
0.0833333330000000
0.797178131000000
0.398457584000000
0.516666667000000
0.702702703000000
0.630681818000000
0.752767528000000
0.760416667000000
0.725961538000000
0.786163522000000
0.264822134000000
0.375000000000000
0.272727273000000
0.629629630000000
0.0845070420000000
0.604838710000000
0.691891892000000
0.0886075950000000
0.688524590000000
0.648241206000000
0.265306122000000
0.600000000000000
0.526785714000000
0.518292683000000
0.0526315790000000
0.617977528000000
0.848341232000000
0.0238095240000000
0.618705036000000
0.611650485000000
0.746376812000000
0.461538462000000
0.734883721000000
0.752631579000000
0.682758621000000
0.678160920000000
0.101265823000000
0.399141631000000
0.827464789000000
0.0833333330000000
0.600000000000000
0.618556701000000
0.704225352000000
0.343750000000000
0.289256198000000
0.699421965000000
0.821596244000000
0.292307692000000
0.0284697510000000
0.462962963000000
0.0235546040000000
0.608391608000000
0.528571429000000
0.351219512000000
0.654205607000000
0.346020761000000
0.0400000000000000
0.173333333000000