1.360008612139611550e-01
2.267752102585359197e-01
8.253434812560236367e-01
5.365441120267150366e-01
1.118133318804834797e+00
1.605900536297048653e+00
2.110295975856168127e+00
2.588567034346620499e+00
3.043076227823695579e+00
2.509198639539454323e+00
3.008481162240208118e+00
3.247272037856279159e+00
3.674920924860376914e+00
3.833555500887615874e+00
4.223572298687668258e+00
4.601913522007987645e+00
4.805340372981091512e+00
5.162828168697525477e+00
3.971368904166100222e+00
4.350455283174081700e+00
4.720041360694987809e+00
3.824998231677850136e+00
4.141551607840599836e+00
4.507146360780515337e+00
4.857503937249709303e+00
5.064517988740232290e+00
4.470270001471598142e+00
4.836427626669478563e+00
5.197489618788292631e+00
5.442597570113361982e+00
5.794098585336141305e+00
6.144800657268920219e+00
6.496013329042095386e+00
6.762219005051161247e+00
7.120234317464425366e+00
7.383412764471673384e+00
7.250531536286906942e+00
7.637435528157108244e+00
8.041817736265072014e+00
8.458672402356276265e+00
8.892576106691741700e+00
9.390687258868680942e+00
3.868513315106226536e+00
4.153654451689492433e+00
4.448167802972670337e+00
4.774683213964206807e+00
5.023293992895197846e+00
5.366009289460383691e+00
5.742892818844924641e+00
6.032713073567889772e+00
6.480900697287517609e+00
6.965221538386239253e+00
7.497747118504221042e+00
8.117556036748945658e+00
8.738299703172371480e+00
9.386820683231588802e+00
1.003260819736139098e+01
1.054291174239558515e+01
1.106722135405995289e+01
1.142131041503260036e+01
1.158742337487612950e+01
1.165029302726664540e+01
1.181408697966524102e+01
1.215051712214299329e+01
1.250341597489616063e+01
1.296660894173156109e+01
1.314020201656883380e+01
1.341166783347756031e+01
1.352577779053152085e+01
1.355065470652937876e+01
2.657457453608071063e+00
2.735374225864333653e+00
2.813536461818110901e+00
2.902328722979087505e+00
2.973579421952828206e+00
3.057001684513984241e+00
3.123219221855999983e+00
3.183586266252020902e+00
3.206259219964507690e+00
3.194878169902115594e+00
3.039305741096104629e+00
3.024055607030022852e+00
3.023178479467200308e+00
3.016206939239745477e+00
2.991260294742990045e+00
2.960347159917614324e+00
2.911777604279197185e+00
2.837635714938515186e+00
2.715707160781300811e+00
2.561301844344119782e+00
2.392593644012766863e+00
2.304982426398707762e+00
2.224561749483684903e+00
2.106245464125415356e+00
1.951819445734911618e+00
1.973147314961610999e+00
1.889694697085216868e+00
1.781642677967234523e+00
1.633818810325321058e+00
1.492330427643327795e+00
1.521162539519202106e+00
1.379192840588204350e+00
1.304024406710432071e+00
1.359377268050372400e+00
1.234810077575012821e+00
1.107205094020480285e+00
1.092833520762032551e+00
9.765977091152361345e-01
9.775664752188152340e-01
1.005458678339916867e+00
9.138987758444996334e-01
8.966574621670625467e-01
7.777697384941555381e-01
7.526225215548870695e-01
7.260180801170036391e-01
7.078411754881607232e-01
7.031998354647347460e-01
6.727907449179457711e-01
6.484707482281637514e-01
6.988839081383512175e-01
6.478981732373578772e-01
6.849499317062642811e-01
6.687878780790514899e-01
6.376878928938957136e-01
6.652480779227707419e-01
6.268910099240563305e-01
5.916416043917184231e-01
6.112026847447169509e-01
5.927892306095082775e-01
5.723095821735003641e-01
5.692367650199492424e-01
5.573332655919366330e-01
