1.960749547806727167e+00
1.002753865423508728e+01
5.339778611711308576e-02
1.942885969015777592e+00
3.800272280101899991e+00
2.519170054935238934e+00
4.547744060143743994e+00
6.584667857915395217e+00
8.657007051073808412e+00
1.083784205772683507e+01
1.320982618490787175e+01
1.296618531650744721e+01
1.596051805418125902e+01
1.927463269570480264e+01
2.284593077614246326e+01
2.665533949003856051e+01
2.124447657077404372e+01
2.472161708890132914e+01
2.798700066436476064e+01
3.079258754896816797e+01
3.252902564706158728e+01
3.284024510883630654e+01
2.466038133609651339e+01
2.484119318631617546e+01
2.477042528873718297e+01
2.434051798254142085e+01
2.341847278112381048e+01
2.138974166474747207e+01
2.022997854772451021e+01
1.838083429104434785e+01
1.624076644643680112e+01
7.526187490253038348e+00
7.423577851868304656e+00
7.110851580092404589e+00
1.628129333781451082e+00
1.654355012151398130e+00
1.637623106941926032e+00
1.501761955281254890e+00
1.324180843450383893e+00
1.183951394196414819e+00
1.092289211833110896e+00
9.664171339514445735e-01
8.925492689995705442e-01
8.309074300815674219e-01
7.742249530237744759e-01
7.617801869923427338e-01
6.779379779411366380e-01
6.819580208263081866e-01
6.390970783609734029e-01
5.994238885554270535e-01
5.693231012077647479e-01
5.450825706050413944e-01
5.711063196900959538e-01
5.349632847439811378e-01
5.468711702584312384e-01
5.167611982500825984e-01
5.219740089744259182e-01
5.302471977995549812e-01
5.069465941115085528e-01
4.819611227576973134e-01
4.773508418068299619e-01
4.831187264036133078e-01
4.712860997347122494e-01
4.703721376175720725e-01
4.636195756347341601e-01
