9.586192482825742767e-01
9.448256643767656282e-01
9.448256643767656282e-01
9.310320804709570908e-01
9.310320804709570908e-01
9.310320804709570908e-01
9.172384965651484423e-01
9.172384965651484423e-01
9.172384965651484423e-01
9.172384965651484423e-01
9.172384965651484423e-01
9.172384965651484423e-01
9.034449126593399049e-01
9.034449126593399049e-01
9.034449126593399049e-01
9.034449126593399049e-01
9.034449126593399049e-01
8.839378392260140993e-01
8.839378392260140993e-01
8.563506714143969134e-01
8.563506714143969134e-01
8.563506714143969134e-01
8.287635036027797275e-01
8.287635036027797275e-01
7.954628462636453845e-01
7.954628462636453845e-01
7.759557728303196900e-01
7.288615315853766985e-01
7.288615315853766985e-01
6.760538008129165499e-01
6.760538008129165499e-01
6.565467273795907444e-01
6.037389966071305958e-01
6.037389966071305958e-01
5.509312658346704472e-01
5.509312658346704472e-01
4.981235350622102986e-01
4.981235350622102986e-01
4.453158042897501501e-01
4.453158042897501501e-01
4.063016574230985389e-01
3.592074161781555475e-01
3.592074161781555475e-01
3.397003427448297419e-01
3.063996854056953989e-01
2.868926119723695933e-01
2.673855385390437878e-01
2.478784651057180932e-01
2.283713916723922877e-01
1.893572448057406765e-01
1.170424405999547224e-01
1.170424405999547224e-01
1.170424405999547224e-01
1.170424405999547224e-01
7.802829373330311125e-02
7.802829373330311125e-02
7.802829373330311125e-02
