2.088037683779483955e-02
2.143955535533797752e-01
3.792725917198737084e-01
5.254046263888897395e-01
6.604433053512595020e-01
7.332141233093854016e-01
9.043983866557544493e-01
1.083964900884147209e+00
1.274291811977545041e+00
1.623770110445091674e+00
2.094670028472104484e+00
2.604268236223266531e+00
2.780324285608283486e+00
2.696955585769909902e+00
2.559242597724408874e+00
2.306191824258811085e+00
1.971561240217685418e+00
1.828890439770711529e+00
1.554708368399964513e+00
1.471393051545699882e+00
1.355200319055716918e+00
1.502081659914877632e+00
1.525421543533528546e+00
1.147633620425662082e+00
1.439492699263927422e+00
1.236969966387673203e+00
9.775706185105496049e-01
8.115052505422799545e-01
7.465394659994094573e-01
6.436626243394096836e-01
5.856240745673748638e-01
5.376764747241474796e-01
5.155033196129292783e-01
5.093625046734606698e-01
4.888351001199315871e-01
4.694764369156688155e-01
4.585900181317459912e-01
4.445100157986345835e-01
