5.57144200000000
0.341911000000000
0.333171000000000
1.80288900000000
0.444691000000000
0.489982000000000
0.601209000000000
0.759304000000000
0.433841000000000
0.390014000000000
0.591709000000000
0.591226000000000
0.622241000000000
0.518029000000000
0.879970000000000
3.88193200000000
0.833914000000000
0.358152000000000
0.487503000000000
1.55077300000000
0.875174000000000
1.18790400000000
1.85161200000000
1.02661100000000
0.700127000000000
0.526399000000000
0.481418000000000
0.363668000000000
0.635484000000000
0.745329000000000
0.154476000000000
0.830760000000000
0.405770000000000
0.562351000000000
0.585416000000000
0.898813000000000
0.691453000000000
0.763160000000000
0.803936000000000
0.476186000000000
0.470918000000000
0.588931000000000
0.397230000000000
0.505451000000000
0.673424000000000
0.761535000000000
0.223050000000000
1.34713400000000
2.89350800000000
0.772780000000000
0.552883000000000
0.723704000000000
0.458638000000000
0.678820000000000
0.783933000000000
1.13904900000000
0.869790000000000
0.410004000000000