5.145827273846167449e-01
6.582535639860684906e-01
7.032241641956251677e-01
6.231538565318773815e-01
6.904495608662888362e-01
6.756110184781631833e-01
6.264647944003025604e-01
6.696811880906407000e-01
6.685861151323979623e-01
6.669985389063950443e-01
6.657412923960700502e-01
7.432355476332972444e-01
7.138638761660566212e-01
5.349407308649400949e-01
5.423402973962442308e-01
5.508415181123006432e-01
5.495425228382383454e-01
4.550629260727335756e-01
4.641024946864937828e-01
4.459347698528328685e-01
4.431510073315409470e-01
4.488087281807585094e-01
4.278461446808980440e-01
4.520563709171525058e-01
4.534899203737672302e-01
4.601262578498996891e-01
4.726221778885604796e-01
4.732679895017041782e-01
4.774854731651206330e-01
4.812946637135303574e-01
5.054555958095352519e-01
5.051064640716981247e-01
5.041282944110719866e-01
5.037478297229508462e-01
5.031883195751060134e-01
5.028215354369310885e-01
5.031822749881864620e-01
5.030628501316811718e-01
5.028285360307801488e-01
5.027156672135383308e-01
5.025675606588927424e-01
5.025051000755005326e-01
5.021608506542024619e-01
5.021363719567814021e-01
5.021923700509817179e-01
5.018505215845399103e-01
5.017606873029383241e-01
5.015620310922020986e-01
5.021681579919693439e-01
5.020597074015048511e-01
5.019410655830963686e-01
5.016791511617317845e-01
5.011732038266246692e-01
5.009021349384970012e-01
5.007166660310911066e-01
5.005405491511076832e-01
5.003779954270601849e-01
5.001804277959051026e-01
5.006899588042408311e-01
5.003954041614883108e-01
5.002141563307904715e-01
4.999899180288393530e-01
4.998024236670732257e-01
4.994979121227290930e-01
5.000525472771181201e-01
4.997575479964886380e-01
4.995972263357884580e-01
5.017310851922287540e-01
5.014545474695135674e-01
5.009120714796639895e-01
5.006918191574475374e-01
5.002791392534967629e-01
4.999940225594223242e-01
5.000970469859764567e-01
5.000790269378760922e-01
4.999938637869797420e-01
5.004435091150025716e-01
5.004693814621707926e-01
5.004663101052798657e-01
5.016138797908700209e-01
5.014441174366962573e-01
5.013550168246320160e-01
5.027897005384014406e-01
5.024278003435609374e-01
5.023492268874681921e-01
5.048746959470281626e-01
5.048456272747806617e-01
5.048256621922483367e-01
5.070713978754886053e-01
5.070568429920134790e-01
5.071129177364925855e-01
5.089862101995925592e-01
5.089494817290167727e-01
5.146363188723057647e-01
5.146629880140860536e-01
5.146379554197219042e-01
5.146392790648769422e-01
5.146410853783249806e-01
5.146373335169079910e-01
5.146277249350482696e-01
5.146122830421060446e-01
5.145988857294415686e-01
5.145931519285222855e-01
5.145884135651159763e-01
5.145838404935648702e-01
