4.078867410012991357e+00
3.788670764287648041e+00
2.075684984387094190e+01
3.673640028064908591e+01
2.047829604534312153e+01
1.323569554568784312e+01
1.806900541218304213e+01
1.683456212061407697e+01
1.573501302794162449e+01
1.758625620418650470e+01
1.201118332580304404e+01
9.881103975928088090e+00
9.210709201755168607e+00
4.887948414514468709e+00
5.152996530695551414e+00
5.036005376783045051e+00
3.808176932338864784e+00
3.316181922660926595e+00
2.988667476768194664e+00
2.728115350353850665e+00
2.481892453159562528e+00
1.149675273143784704e+00
1.138805699617639000e+00
1.068082360650097318e+00
9.913974061566895868e-01
8.125116405245970119e-01
7.650647423513621259e-01
7.170275811823733081e-01
6.773018903008820590e-01
6.395383901118586456e-01
6.062137284802442405e-01
5.792382728185635488e-01
5.552957165971612596e-01
5.394451311431829321e-01
5.245280360062457570e-01
5.103152248675060232e-01
4.988942179268927024e-01
4.851164868641491545e-01
4.702397379201928018e-01
4.628075896621257068e-01
4.592328848704629318e-01
4.514446352904303850e-01
4.473853786613007921e-01
4.400144868884273142e-01
4.372440707799499227e-01
4.338879503063688969e-01
4.277585027194786282e-01
4.264123114754800326e-01
4.247518383800383823e-01
4.228850203516688611e-01
