9.514881969332303902e-01
9.353175959109738535e-01
9.353175959109738535e-01
9.353175959109738535e-01
9.191469948887174279e-01
9.029763938664608913e-01
9.029763938664608913e-01
8.868057928442043547e-01
8.706351918219478181e-01
8.706351918219478181e-01
8.477665085445483806e-01
8.315959075222918440e-01
8.154253065000354184e-01
7.696879399452365433e-01
7.696879399452365433e-01
7.696879399452365433e-01
7.239505733904376683e-01
7.077799723681812427e-01
6.849112890907818052e-01
6.849112890907818052e-01
6.525700870462687320e-01
6.068327204914698569e-01
6.068327204914698569e-01
5.839640372140704194e-01
5.610953539366709819e-01
5.153579873818721069e-01
5.153579873818721069e-01
4.924893041044726694e-01
4.696206208270732319e-01
4.467519375496737943e-01
4.305813365274172577e-01
3.848439699726183827e-01
3.848439699726183827e-01
3.686733689503618461e-01
3.458046856729624086e-01
3.229360023955629710e-01
2.771986358407640960e-01
2.771986358407640960e-01
2.771986358407640960e-01
2.543299525633645475e-01
2.085925860085656725e-01
2.085925860085656725e-01
1.695533017089096983e-01
1.305140174092537242e-01
1.305140174092537242e-01
1.305140174092537242e-01
8.477665085445484916e-02
8.477665085445484916e-02
8.477665085445484916e-02
8.477665085445484916e-02
