9.884425714036317880e-06
5.564190874154817034e-07
4.963595166985654804e-06
5.616728323904790729e-06
4.184895318903962570e-06
4.777803005628878780e-06
1.387776268715610245e-06
5.724276939642044909e-06
8.035148698008318490e-06
4.117968633901939567e-06
7.340147090998861239e-07
5.212871169284179994e-06
3.890589584918000735e-06
4.353799356022625020e-07
6.382274304122816214e-06
1.830862065715510539e-07
1.579675166447720449e-06
4.362102703895257374e-06
6.939972928200530490e-06
3.676198693361034533e-06
3.572675094917874314e-06
6.049534133292191107e-06
6.896378683386254241e-06
9.793445703607749946e-06
5.881882866648403574e-06
9.431441973034845801e-06
9.876766010926413676e-06
2.448593299232174788e-06
5.042594169247780146e-06
4.573460246123879758e-06
7.787990622641847565e-06
1.989348518128594193e-06
1.180122206756258984e-06
7.538702266255270414e-07
9.580812410591898730e-06
7.187874370460692986e-06
7.489534525836661685e-06
9.114720715716627170e-06
5.844742007400682311e-07
3.952293451189985580e-06
2.306864463811079193e-06
6.531526304132493504e-06
3.532237574281470283e-06
3.331015277058536540e-06
3.755595580841041188e-06
9.528819543385672305e-06
7.513170520984280359e-06
9.916162134828553753e-07
5.590206995808816018e-06
5.606749080768096452e-06
5.956112386090495585e-06
1.300000000000000044e-01
1.300000000000000044e-01
1.300000000000000044e-01
1.300000000000000044e-01
1.300000000000000044e-01
1.300000000000000044e-01
1.300000000000000044e-01
1.300000000000000044e-01
1.300000000000000044e-01
1.300000000000000044e-01
1.300000000000000044e-01
1.300000000000000044e-01
1.300000000000000044e-01
1.300000000000000044e-01
7.279392765889736161e-02
1.300000000000000044e-01
1.300000000000000044e-01
1.300000000000000044e-01
1.300000000000000044e-01
1.300000000000000044e-01
1.300000000000000044e-01
1.300000000000000044e-01
1.300000000000000044e-01
1.300000000000000044e-01
1.300000000000000044e-01
1.300000000000000044e-01
1.300000000000000044e-01
1.300000000000000044e-01
1.300000000000000044e-01
1.300000000000000044e-01
1.300000000000000044e-01
1.300000000000000044e-01
1.300000000000000044e-01
1.300000000000000044e-01
1.300000000000000044e-01
1.300000000000000044e-01
1.300000000000000044e-01
1.300000000000000044e-01
1.300000000000000044e-01
1.300000000000000044e-01
1.300000000000000044e-01
1.300000000000000044e-01
1.300000000000000044e-01
1.300000000000000044e-01
1.300000000000000044e-01
1.300000000000000044e-01
1.300000000000000044e-01
1.300000000000000044e-01
5.966725082393598119e-08
6.088378197632782335e-06
2.500000000000000000e-01
2.500000000000000000e-01
2.500000000000000000e-01
2.500000000000000000e-01
2.500000000000000000e-01
2.500000000000000000e-01
2.500000000000000000e-01
2.500000000000000000e-01
2.500000000000000000e-01
2.500000000000000000e-01
2.500000000000000000e-01
2.500000000000000000e-01
2.500000000000000000e-01
2.500000000000000000e-01
1.556245936636495297e-01
2.500000000000000000e-01
2.500000000000000000e-01
2.500000000000000000e-01
2.500000000000000000e-01
2.500000000000000000e-01
2.500000000000000000e-01
2.500000000000000000e-01
2.500000000000000000e-01
2.500000000000000000e-01
2.500000000000000000e-01
2.500000000000000000e-01
2.500000000000000000e-01
2.500000000000000000e-01
2.500000000000000000e-01
2.500000000000000000e-01
2.500000000000000000e-01
2.500000000000000000e-01
2.500000000000000000e-01
2.500000000000000000e-01
2.500000000000000000e-01
2.500000000000000000e-01
2.500000000000000000e-01
2.500000000000000000e-01
2.500000000000000000e-01
2.500000000000000000e-01
2.500000000000000000e-01
2.500000000000000000e-01
2.500000000000000000e-01
2.500000000000000000e-01
2.500000000000000000e-01
2.500000000000000000e-01
2.500000000000000000e-01
2.500000000000000000e-01
1.844344206512282900e-06
3.263345254653280300e-06
3.699999999999999956e-01
3.699999999999999956e-01
3.699999999999999956e-01
3.699999999999999956e-01
3.699999999999999956e-01
3.699999999999999956e-01
3.699999999999999956e-01
3.699999999999999956e-01
3.699999999999999956e-01
3.699999999999999956e-01
3.699999999999999956e-01
3.699999999999999956e-01
3.699999999999999956e-01
3.699999999999999956e-01
2.385406695556689105e-01
3.699999999999999956e-01
3.699999999999999956e-01
3.699999999999999956e-01
3.699999999999999956e-01
3.699999999999999956e-01
3.699999999999999956e-01
3.699999999999999956e-01
3.699999999999999956e-01
3.699999999999999956e-01
3.699999999999999956e-01
3.699999999999999956e-01
3.699999999999999956e-01
3.699999999999999956e-01
3.699999999999999956e-01
3.699999999999999956e-01
3.699999999999999956e-01
3.699999999999999956e-01
3.699999999999999956e-01
3.699999999999999956e-01
3.699999999999999956e-01
3.699999999999999956e-01
3.699999999999999956e-01
3.699999999999999956e-01
3.699999999999999956e-01
3.699999999999999956e-01
3.699999999999999956e-01
3.699999999999999956e-01
3.699999999999999956e-01
3.699999999999999956e-01
3.699999999999999956e-01
3.699999999999999956e-01
3.699999999999999956e-01
3.699999999999999956e-01
6.605213864362697164e-06
3.279299897064599431e-06
4.899999999999999911e-01
4.899999999999999911e-01
4.899999999999999911e-01
4.899999999999999911e-01
4.899999999999999911e-01
4.899999999999999911e-01
4.899999999999999911e-01
4.899999999999999911e-01
4.899999999999999911e-01
4.899999999999999911e-01
4.899999999999999911e-01
4.899999999999999911e-01
4.899999999999999911e-01
4.899999999999999911e-01
3.215726391092820768e-01
4.899999999999999911e-01
4.899999999999999911e-01
4.899999999999999911e-01
4.899999999999999911e-01
4.899999999999999911e-01
4.899999999999999911e-01
4.899999999999999911e-01
4.899999999999999911e-01
4.899999999999999911e-01
4.899999999999999911e-01
4.899999999999999911e-01
4.899999999999999911e-01
4.899999999999999911e-01
4.899999999999999911e-01
4.899999999999999911e-01
4.899999999999999911e-01
4.899999999999999911e-01
4.899999999999999911e-01
4.899999999999999911e-01
4.899999999999999911e-01
4.899999999999999911e-01
4.899999999999999911e-01
4.899999999999999911e-01
4.899999999999999911e-01
4.899999999999999911e-01
4.899999999999999911e-01
4.899999999999999911e-01
4.899999999999999911e-01
4.899999999999999911e-01
4.899999999999999911e-01
4.899999999999999911e-01
4.899999999999999911e-01
4.899999999999999911e-01
9.762721651405146460e-06
1.289096483658871483e-06
6.099999999999999867e-01
6.099999999999999867e-01
6.099999999999999867e-01
6.099999999999999867e-01
6.099999999999999867e-01
6.099999999999999867e-01
6.099999999999999867e-01
6.099999999999999867e-01
6.099999999999999867e-01
6.099999999999999867e-01
6.099999999999999867e-01
6.099999999999999867e-01
6.099999999999999867e-01
6.099999999999999867e-01
4.047209822139730129e-01
6.099999999999999867e-01
6.099999999999999867e-01
6.099999999999999867e-01
6.099999999999999867e-01
6.099999999999999867e-01
6.099999999999999867e-01
6.099999999999999867e-01
6.099999999999999867e-01
6.099999999999999867e-01
6.099999999999999867e-01
6.099999999999999867e-01
6.099999999999999867e-01
6.099999999999999867e-01
6.099999999999999867e-01
6.099999999999999867e-01
6.099999999999999867e-01
6.099999999999999867e-01
6.099999999999999867e-01
6.099999999999999867e-01
6.099999999999999867e-01
6.099999999999999867e-01
6.099999999999999867e-01
6.099999999999999867e-01
6.099999999999999867e-01
6.099999999999999867e-01
6.099999999999999867e-01
6.099999999999999867e-01
6.099999999999999867e-01
6.099999999999999867e-01
6.099999999999999867e-01
6.099999999999999867e-01
6.099999999999999867e-01
6.099999999999999867e-01
7.874098907149995220e-06
6.248122825573008099e-06
7.299999999999999822e-01
7.299999999999999822e-01
7.299999999999999822e-01
7.299999999999999822e-01
7.299999999999999822e-01
7.299999999999999822e-01
7.299999999999999822e-01
7.299999999999999822e-01
7.299999999999999822e-01
7.299999999999999822e-01
7.299999999999999822e-01
7.299999999999999822e-01
7.299999999999999822e-01
7.299999999999999822e-01
4.879709456662332245e-01
7.299999999999999822e-01
7.299999999999999822e-01
7.299999999999999822e-01
7.299999999999999822e-01
7.299999999999999822e-01
7.299999999999999822e-01
7.299999999999999822e-01
7.299999999999999822e-01
7.299999999999999822e-01
7.299999999999999822e-01
7.299999999999999822e-01
7.299999999999999822e-01
7.299999999999999822e-01
7.299999999999999822e-01
7.299999999999999822e-01
7.299999999999999822e-01
7.299999999999999822e-01
7.299999999999999822e-01
7.299999999999999822e-01
7.299999999999999822e-01
7.299999999999999822e-01
7.299999999999999822e-01
7.299999999999999822e-01
7.299999999999999822e-01
7.299999999999999822e-01
7.299999999999999822e-01
7.299999999999999822e-01
7.299999999999999822e-01
7.299999999999999822e-01
7.299999999999999822e-01
7.299999999999999822e-01
7.299999999999999822e-01
7.299999999999999822e-01
6.464106007023321311e-06
9.702785002211344143e-06
8.499999999999999778e-01
8.499999999999999778e-01
8.499999999999999778e-01
8.499999999999999778e-01
8.499999999999999778e-01
8.499999999999999778e-01
8.499999999999999778e-01
8.499999999999999778e-01
8.499999999999999778e-01
8.499999999999999778e-01
8.499999999999999778e-01
8.499999999999999778e-01
8.499999999999999778e-01
8.499999999999999778e-01
5.715108941988520375e-01
8.499999999999999778e-01
8.499999999999999778e-01
8.499999999999999778e-01
8.499999999999999778e-01
8.499999999999999778e-01
8.499999999999999778e-01
8.499999999999999778e-01
8.499999999999999778e-01
8.499999999999999778e-01
8.499999999999999778e-01
8.499999999999999778e-01
8.499999999999999778e-01
8.499999999999999778e-01
8.499999999999999778e-01
8.499999999999999778e-01
8.499999999999999778e-01
8.499999999999999778e-01
8.499999999999999778e-01
8.499999999999999778e-01
8.499999999999999778e-01
8.499999999999999778e-01
8.499999999999999778e-01
8.499999999999999778e-01
8.499999999999999778e-01
8.499999999999999778e-01
8.499999999999999778e-01
8.499999999999999778e-01
8.499999999999999778e-01
8.499999999999999778e-01
8.499999999999999778e-01
8.499999999999999778e-01
8.499999999999999778e-01
8.499999999999999778e-01
2.756194972915467647e-06
7.030056811471539820e-06
9.699999999999999734e-01
9.699999999999999734e-01
9.699999999999999734e-01
9.699999999999999734e-01
9.699999999999999734e-01
9.699999999999999734e-01
9.699999999999999734e-01
9.699999999999999734e-01
9.699999999999999734e-01
9.699999999999999734e-01
9.699999999999999734e-01
9.699999999999999734e-01
9.699999999999999734e-01
9.699999999999999734e-01
6.552778061266026910e-01
9.699999999999999734e-01
9.699999999999999734e-01
9.699999999999999734e-01
9.699999999999999734e-01
9.699999999999999734e-01
9.699999999999999734e-01
9.699999999999999734e-01
9.699999999999999734e-01
9.699999999999999734e-01
9.699999999999999734e-01
9.699999999999999734e-01
9.699999999999999734e-01
9.699999999999999734e-01
9.699999999999999734e-01
9.699999999999999734e-01
9.699999999999999734e-01
9.699999999999999734e-01
9.699999999999999734e-01
9.699999999999999734e-01
9.699999999999999734e-01
9.699999999999999734e-01
9.699999999999999734e-01
9.699999999999999734e-01
9.699999999999999734e-01
9.699999999999999734e-01
9.699999999999999734e-01
9.699999999999999734e-01
9.699999999999999734e-01
9.699999999999999734e-01
9.699999999999999734e-01
9.699999999999999734e-01
9.699999999999999734e-01
9.699999999999999734e-01
4.379242890394730779e-06
7.276881937355269932e-06
1.089999999999999858e+00
1.089999999999999858e+00
1.089999999999999858e+00
1.089999999999999858e+00
1.089999999999999858e+00
1.089999999999999858e+00
1.089999999999999858e+00
1.089999999999999858e+00
1.089999999999999858e+00
1.089999999999999858e+00
1.089999999999999858e+00
1.089999999999999858e+00
1.089999999999999858e+00
1.089999999999999858e+00
1.089999999999999858e+00
7.746974527396387478e-01
1.089999999999999858e+00
1.089999999999999858e+00
1.089999999999999858e+00
1.089999999999999858e+00
1.089999999999999858e+00
1.089999999999999858e+00
1.089999999999999858e+00
1.089999999999999858e+00
1.089999999999999858e+00
1.089999999999999858e+00
1.089999999999999858e+00
1.089999999999999858e+00
1.089999999999999858e+00
1.089999999999999858e+00
1.089999999999999858e+00
1.089999999999999858e+00
1.089999999999999858e+00
1.089999999999999858e+00
1.089999999999999858e+00
1.089999999999999858e+00
1.089999999999999858e+00
1.089999999999999858e+00
1.089999999999999858e+00
1.089999999999999858e+00
1.089999999999999858e+00
1.089999999999999858e+00
1.089999999999999858e+00
1.089999999999999858e+00
1.089999999999999858e+00
1.089999999999999858e+00
1.089999999999999858e+00
1.089999999999999858e+00
1.958941148895895074e-06
7.985833366562062227e-06
1.209999999999999964e+00
1.209999999999999964e+00
1.209999999999999964e+00
1.209999999999999964e+00
1.209999999999999964e+00
1.209999999999999964e+00
1.209999999999999964e+00
1.209999999999999964e+00
1.209999999999999964e+00
1.209999999999999964e+00
1.209999999999999964e+00
1.209999999999999964e+00
1.209999999999999964e+00
1.209999999999999964e+00
1.209999999999999964e+00
8.594424741995572159e-01
1.209999999999999964e+00
1.209999999999999964e+00
1.209999999999999964e+00
1.209999999999999964e+00
1.209999999999999964e+00
1.209999999999999964e+00
1.209999999999999964e+00
1.209999999999999964e+00
1.209999999999999964e+00
1.209999999999999964e+00
1.209999999999999964e+00
1.209999999999999964e+00
1.209999999999999964e+00
1.209999999999999964e+00
1.209999999999999964e+00
1.209999999999999964e+00
1.209999999999999964e+00
1.209999999999999964e+00
1.209999999999999964e+00
1.209999999999999964e+00
1.209999999999999964e+00
1.209999999999999964e+00
1.209999999999999964e+00
1.209999999999999964e+00
1.209999999999999964e+00
1.209999999999999964e+00
1.209999999999999964e+00
1.209999999999999964e+00
1.209999999999999964e+00
1.209999999999999964e+00
1.209999999999999964e+00
1.209999999999999964e+00
2.377968737220457188e-06
6.671027671294495842e-06
1.329999999999999849e+00
1.329999999999999849e+00
1.329999999999999849e+00
1.329999999999999849e+00
1.329999999999999849e+00
1.329999999999999849e+00
1.329999999999999849e+00
1.329999999999999849e+00
1.329999999999999849e+00
1.329999999999999849e+00
1.329999999999999849e+00
1.329999999999999849e+00
1.329999999999999849e+00
1.329999999999999849e+00
1.329999999999999849e+00
9.442789740152808253e-01
1.329999999999999849e+00
1.329999999999999849e+00
1.329999999999999849e+00
1.329999999999999849e+00
1.329999999999999849e+00
1.329999999999999849e+00
1.329999999999999849e+00
1.329999999999999849e+00
1.329999999999999849e+00
1.329999999999999849e+00
1.329999999999999849e+00
1.329999999999999849e+00
1.329999999999999849e+00
1.329999999999999849e+00
1.329999999999999849e+00
1.329999999999999849e+00
1.329999999999999849e+00
1.329999999999999849e+00
1.329999999999999849e+00
1.329999999999999849e+00
1.329999999999999849e+00
1.329999999999999849e+00
1.329999999999999849e+00
1.329999999999999849e+00
1.329999999999999849e+00
1.329999999999999849e+00
1.329999999999999849e+00
1.329999999999999849e+00
1.329999999999999849e+00
1.329999999999999849e+00
1.329999999999999849e+00
1.329999999999999849e+00
1.997874230090740390e-06
5.593545487835007876e-06
1.449999999999999956e+00
1.449999999999999956e+00
1.449999999999999956e+00
1.449999999999999956e+00
1.449999999999999956e+00
1.449999999999999956e+00
1.449999999999999956e+00
1.449999999999999956e+00
1.449999999999999956e+00
1.449999999999999956e+00
1.449999999999999956e+00
1.449999999999999956e+00
1.449999999999999956e+00
1.449999999999999956e+00
1.272887808823889300e+00
1.449999999999999956e+00
1.073358531457106357e+00
1.449999999999999956e+00
1.449999999999999956e+00
1.449999999999999956e+00
1.449999999999999956e+00
1.449999999999999956e+00
1.449999999999999956e+00
1.449999999999999956e+00
1.449999999999999956e+00
1.449999999999999956e+00
1.449999999999999956e+00
1.449999999999999956e+00
1.449999999999999956e+00
1.449999999999999956e+00
1.449999999999999956e+00
1.449999999999999956e+00
1.449999999999999956e+00
1.449999999999999956e+00
1.449999999999999956e+00
1.449999999999999956e+00
1.449999999999999956e+00
1.449999999999999956e+00
1.449999999999999956e+00
1.449999999999999956e+00
1.449999999999999956e+00
1.449999999999999956e+00
1.449999999999999956e+00
1.449999999999999956e+00
1.449999999999999956e+00
1.449999999999999956e+00
1.449999999999999956e+00
1.449999999999999956e+00
6.616945876677346087e-06
1.314225061471420224e-06
1.569999999999999840e+00
1.569999999999999840e+00
1.569999999999999840e+00
1.569999999999999840e+00
1.569999999999999840e+00
1.569999999999999840e+00
1.569999999999999840e+00
1.569999999999999840e+00
1.569999999999999840e+00
1.569999999999999840e+00
1.569999999999999840e+00
1.569999999999999840e+00
1.569999999999999840e+00
1.569999999999999840e+00
1.569999999999999840e+00
1.569999999999999840e+00
1.569999999999999840e+00
1.202691848166515420e+00
1.569999999999999840e+00
1.569999999999999840e+00
1.569999999999999840e+00
1.569999999999999840e+00
1.569999999999999840e+00
1.569999999999999840e+00
1.569999999999999840e+00
1.569999999999999840e+00
1.569999999999999840e+00
1.569999999999999840e+00
1.569999999999999840e+00
1.569999999999999840e+00
1.569999999999999840e+00
1.569999999999999840e+00
1.569999999999999840e+00
1.569999999999999840e+00
1.569999999999999840e+00
1.569999999999999840e+00
1.569999999999999840e+00
1.569999999999999840e+00
1.569999999999999840e+00
1.569999999999999840e+00
1.569999999999999840e+00
1.569999999999999840e+00
1.569999999999999840e+00
1.569999999999999840e+00
1.569999999999999840e+00
1.569999999999999840e+00
1.569999999999999840e+00
1.569999999999999840e+00
8.248403364170423462e-06
8.520216400094319191e-06
1.689999999999999947e+00
1.689999999999999947e+00
1.689999999999999947e+00
1.689999999999999947e+00
1.689999999999999947e+00
1.689999999999999947e+00
1.689999999999999947e+00
1.689999999999999947e+00
1.689999999999999947e+00
1.689999999999999947e+00
1.689999999999999947e+00
1.689999999999999947e+00
1.689999999999999947e+00
1.689999999999999947e+00
1.689999999999999947e+00
1.689999999999999947e+00
1.689999999999999947e+00
1.689999999999999947e+00
1.332499217761961230e+00
1.689999999999999947e+00
1.689999999999999947e+00
1.689999999999999947e+00
1.689999999999999947e+00
1.689999999999999947e+00
1.689999999999999947e+00
1.689999999999999947e+00
1.689999999999999947e+00
1.689999999999999947e+00
1.689999999999999947e+00
1.689999999999999947e+00
1.689999999999999947e+00
1.689999999999999947e+00
1.689999999999999947e+00
1.689999999999999947e+00
1.689999999999999947e+00
1.689999999999999947e+00
1.689999999999999947e+00
1.689999999999999947e+00
1.689999999999999947e+00
1.689999999999999947e+00
1.689999999999999947e+00
1.689999999999999947e+00
1.689999999999999947e+00
1.689999999999999947e+00
1.689999999999999947e+00
1.689999999999999947e+00
1.689999999999999947e+00
1.689999999999999947e+00
1.236646174418539669e-06
3.008531564025080027e-06
1.809999999999999831e+00
1.809999999999999831e+00
1.809999999999999831e+00
1.809999999999999831e+00
1.809999999999999831e+00
1.809999999999999831e+00
1.809999999999999831e+00
1.809999999999999831e+00
1.809999999999999831e+00
1.809999999999999831e+00
1.809999999999999831e+00
1.809999999999999831e+00
1.809999999999999831e+00
1.809999999999999831e+00
1.809999999999999831e+00
1.809999999999999831e+00
1.809999999999999831e+00
1.809999999999999831e+00
1.809999999999999831e+00
1.463481344400028084e+00
1.809999999999999831e+00
1.809999999999999831e+00
1.809999999999999831e+00
1.809999999999999831e+00
1.809999999999999831e+00
1.809999999999999831e+00
1.809999999999999831e+00
1.809999999999999831e+00
1.809999999999999831e+00
1.809999999999999831e+00
1.809999999999999831e+00
1.809999999999999831e+00
1.809999999999999831e+00
1.809999999999999831e+00
1.809999999999999831e+00
1.809999999999999831e+00
1.809999999999999831e+00
1.809999999999999831e+00
1.809999999999999831e+00
1.809999999999999831e+00
1.809999999999999831e+00
1.809999999999999831e+00
1.809999999999999831e+00
1.809999999999999831e+00
1.809999999999999831e+00
1.809999999999999831e+00
1.809999999999999831e+00
1.809999999999999831e+00
5.939058118913855728e-06
8.214532762905382425e-06
1.929999999999999938e+00
1.929999999999999938e+00
1.929999999999999938e+00
1.929999999999999938e+00
1.929999999999999938e+00
1.929999999999999938e+00
1.929999999999999938e+00
1.929999999999999938e+00
1.929999999999999938e+00
1.929999999999999938e+00
1.929999999999999938e+00
1.929999999999999938e+00
1.929999999999999938e+00
1.929999999999999938e+00
1.929999999999999938e+00
1.929999999999999938e+00
1.929999999999999938e+00
1.929999999999999938e+00
1.929999999999999938e+00
1.556633809070022467e+00
1.929999999999999938e+00
1.929999999999999938e+00
1.929999999999999938e+00
1.929999999999999938e+00
1.929999999999999938e+00
1.929999999999999938e+00
1.929999999999999938e+00
1.929999999999999938e+00
1.929999999999999938e+00
1.929999999999999938e+00
1.929999999999999938e+00
1.929999999999999938e+00
1.929999999999999938e+00
1.929999999999999938e+00
1.929999999999999938e+00
1.929999999999999938e+00
1.929999999999999938e+00
1.929999999999999938e+00
1.929999999999999938e+00
1.929999999999999938e+00
1.929999999999999938e+00
1.929999999999999938e+00
1.929999999999999938e+00
1.929999999999999938e+00
1.929999999999999938e+00
1.929999999999999938e+00
1.929999999999999938e+00
1.929999999999999938e+00
4.490933809192169535e-06
3.403143958062954112e-06
2.049999999999999822e+00
2.049999999999999822e+00
2.049999999999999822e+00
2.049999999999999822e+00
2.049999999999999822e+00
2.049999999999999822e+00
2.049999999999999822e+00
2.049999999999999822e+00
2.049999999999999822e+00
2.049999999999999822e+00
2.049999999999999822e+00
2.049999999999999822e+00
2.049999999999999822e+00
2.049999999999999822e+00
2.049999999999999822e+00
2.049999999999999822e+00
2.049999999999999822e+00
2.049999999999999822e+00
2.049999999999999822e+00
2.049999999999999822e+00
1.688966812984908472e+00
2.049999999999999822e+00
2.049999999999999822e+00
2.049999999999999822e+00
2.049999999999999822e+00
2.049999999999999822e+00
2.049999999999999822e+00
2.049999999999999822e+00
2.049999999999999822e+00
2.049999999999999822e+00
2.049999999999999822e+00
2.049999999999999822e+00
2.049999999999999822e+00
2.049999999999999822e+00
2.049999999999999822e+00
2.049999999999999822e+00
2.049999999999999822e+00
2.049999999999999822e+00
2.049999999999999822e+00
2.049999999999999822e+00
2.049999999999999822e+00
2.049999999999999822e+00
2.049999999999999822e+00
2.049999999999999822e+00
2.049999999999999822e+00
2.049999999999999822e+00
2.049999999999999822e+00
2.049999999999999822e+00
6.404060883723472651e-08
5.736482602157617839e-06
2.169999999999999485e+00
2.169999999999999485e+00
2.169999999999999485e+00
2.169999999999999485e+00
2.169999999999999485e+00
2.169999999999999485e+00
2.169999999999999485e+00
2.169999999999999485e+00
2.169999999999999485e+00
2.169999999999999485e+00
2.169999999999999485e+00
2.169999999999999485e+00
2.169999999999999485e+00
2.169999999999999485e+00
2.169999999999999485e+00
2.169999999999999485e+00
2.169999999999999485e+00
2.169999999999999485e+00
2.169999999999999485e+00
2.169999999999999485e+00
1.783356209810276205e+00
2.169999999999999485e+00
2.169999999999999485e+00
2.169999999999999485e+00
2.169999999999999485e+00
2.169999999999999485e+00
2.169999999999999485e+00
2.169999999999999485e+00
2.169999999999999485e+00
2.169999999999999485e+00
2.169999999999999485e+00
2.169999999999999485e+00
2.169999999999999485e+00
2.169999999999999485e+00
2.169999999999999485e+00
2.169999999999999485e+00
2.169999999999999485e+00
2.169999999999999485e+00
2.169999999999999485e+00
2.169999999999999485e+00
2.169999999999999485e+00
2.169999999999999485e+00
2.169999999999999485e+00
2.169999999999999485e+00
2.169999999999999485e+00
2.169999999999999485e+00
2.169999999999999485e+00
2.169999999999999485e+00
7.361193351338404963e-06
2.332966233107944773e-06
2.289999999999999591e+00
2.289999999999999591e+00
2.289999999999999591e+00
2.289999999999999591e+00
2.289999999999999591e+00
2.289999999999999591e+00
2.289999999999999591e+00
2.289999999999999591e+00
2.289999999999999591e+00
2.289999999999999591e+00
2.289999999999999591e+00
2.289999999999999591e+00
2.289999999999999591e+00
2.289999999999999591e+00
2.289999999999999591e+00
2.289999999999999591e+00
2.289999999999999591e+00
2.289999999999999591e+00
2.289999999999999591e+00
2.289999999999999591e+00
1.877872086743733737e+00
2.289999999999999591e+00
2.289999999999999591e+00
2.289999999999999591e+00
2.289999999999999591e+00
2.289999999999999591e+00
2.289999999999999591e+00
2.289999999999999591e+00
2.289999999999999591e+00
2.289999999999999591e+00
2.289999999999999591e+00
2.289999999999999591e+00
2.289999999999999591e+00
2.289999999999999591e+00
2.289999999999999591e+00
2.289999999999999591e+00
2.289999999999999591e+00
2.289999999999999591e+00
2.289999999999999591e+00
2.289999999999999591e+00
2.289999999999999591e+00
2.289999999999999591e+00
2.289999999999999591e+00
2.289999999999999591e+00
2.289999999999999591e+00
2.289999999999999591e+00
2.289999999999999591e+00
2.289999999999999591e+00
8.376942091803974566e-06
9.439902603597012800e-06
2.409999999999999698e+00
2.409999999999999698e+00
2.409999999999999698e+00
2.409999999999999698e+00
2.409999999999999698e+00
2.409999999999999698e+00
2.409999999999999698e+00
2.409999999999999698e+00
2.409999999999999698e+00
2.409999999999999698e+00
2.409999999999999698e+00
2.409999999999999698e+00
2.409999999999999698e+00
2.409999999999999698e+00
2.409999999999999698e+00
2.409999999999999698e+00
2.409999999999999698e+00
2.409999999999999698e+00
2.409999999999999698e+00
2.110384497553863703e+00
2.409999999999999698e+00
2.041646803565367652e+00
2.409999999999999698e+00
2.409999999999999698e+00
2.409999999999999698e+00
2.409999999999999698e+00
2.409999999999999698e+00
2.409999999999999698e+00
2.409999999999999698e+00
2.409999999999999698e+00
2.409999999999999698e+00
2.409999999999999698e+00
2.409999999999999698e+00
2.409999999999999698e+00
2.409999999999999698e+00
2.409999999999999698e+00
2.409999999999999698e+00
2.409999999999999698e+00
2.409999999999999698e+00
2.409999999999999698e+00
2.409999999999999698e+00
2.409999999999999698e+00
2.409999999999999698e+00
2.409999999999999698e+00
2.409999999999999698e+00
2.409999999999999698e+00
2.409999999999999698e+00
2.409999999999999698e+00
2.772689613275860480e-06
6.464240772351777833e-06
2.529999999999999361e+00
2.529999999999999361e+00
2.529999999999999361e+00
2.529999999999999361e+00
2.529999999999999361e+00
2.529999999999999361e+00
2.529999999999999361e+00
2.529999999999999361e+00
2.529999999999999361e+00
2.529999999999999361e+00
2.529999999999999361e+00
2.529999999999999361e+00
2.529999999999999361e+00
2.529999999999999361e+00
2.529999999999999361e+00
2.529999999999999361e+00
2.529999999999999361e+00
2.529999999999999361e+00
2.344111852267884988e+00
2.529999999999999361e+00
2.529999999999999361e+00
2.529999999999999361e+00
2.205941621442933265e+00
2.529999999999999361e+00
2.529999999999999361e+00
2.529999999999999361e+00
2.529999999999999361e+00
2.529999999999999361e+00
2.529999999999999361e+00
2.529999999999999361e+00
2.529999999999999361e+00
2.529999999999999361e+00
2.529999999999999361e+00
2.529999999999999361e+00
2.529999999999999361e+00
2.529999999999999361e+00
2.529999999999999361e+00
2.529999999999999361e+00
2.529999999999999361e+00
2.529999999999999361e+00
2.529999999999999361e+00
2.529999999999999361e+00
2.529999999999999361e+00
2.529999999999999361e+00
2.529999999999999361e+00
2.529999999999999361e+00
2.529999999999999361e+00
2.529999999999999361e+00
8.550506341095987197e-06
9.080655391959668644e-07
2.649999999999999467e+00
2.649999999999999467e+00
2.649999999999999467e+00
2.649999999999999467e+00
2.649999999999999467e+00
2.649999999999999467e+00
2.649999999999999467e+00
2.649999999999999467e+00
2.649999999999999467e+00
2.649999999999999467e+00
2.649999999999999467e+00
2.649999999999999467e+00
2.649999999999999467e+00
2.649999999999999467e+00
2.649999999999999467e+00
2.649999999999999467e+00
2.649999999999999467e+00
2.581883851087431125e+00
2.649999999999999467e+00
2.649999999999999467e+00
2.649999999999999467e+00
2.649999999999999467e+00
2.649999999999999467e+00
2.370964041414756363e+00
2.649999999999999467e+00
2.649999999999999467e+00
2.649999999999999467e+00
2.649999999999999467e+00
2.649999999999999467e+00
2.649999999999999467e+00
2.649999999999999467e+00
2.649999999999999467e+00
2.649999999999999467e+00
2.649999999999999467e+00
2.649999999999999467e+00
2.649999999999999467e+00
2.649999999999999467e+00
2.649999999999999467e+00
2.649999999999999467e+00
2.649999999999999467e+00
2.649999999999999467e+00
2.649999999999999467e+00
2.649999999999999467e+00
2.649999999999999467e+00
2.649999999999999467e+00
2.649999999999999467e+00
2.649999999999999467e+00
2.649999999999999467e+00
1.512165969254556280e-06
5.172522173618800653e-06
2.769999999999999574e+00
2.769999999999999574e+00
2.769999999999999574e+00
2.769999999999999574e+00
2.769999999999999574e+00
2.769999999999999574e+00
2.769999999999999574e+00
2.769999999999999574e+00
2.769999999999999574e+00
2.769999999999999574e+00
2.769999999999999574e+00
2.769999999999999574e+00
2.769999999999999574e+00
2.769999999999999574e+00
2.769999999999999574e+00
2.769999999999999574e+00
2.769999999999999574e+00
2.769999999999999574e+00
2.769999999999999574e+00
2.769999999999999574e+00
2.769999999999999574e+00
2.769999999999999574e+00
2.769999999999999574e+00
2.769999999999999574e+00
2.538087524447476095e+00
2.769999999999999574e+00
2.769999999999999574e+00
2.769999999999999574e+00
2.769999999999999574e+00
2.769999999999999574e+00
2.769999999999999574e+00
2.769999999999999574e+00
2.769999999999999574e+00
2.769999999999999574e+00
2.769999999999999574e+00
2.769999999999999574e+00
2.769999999999999574e+00
2.769999999999999574e+00
2.769999999999999574e+00
2.769999999999999574e+00
2.769999999999999574e+00
2.769999999999999574e+00
2.769999999999999574e+00
2.769999999999999574e+00
2.769999999999999574e+00
2.769999999999999574e+00
2.769999999999999574e+00
2.769999999999999574e+00
9.308321480348765269e-06
4.697217694566493646e-06
2.889999999999999680e+00
2.889999999999999680e+00
2.889999999999999680e+00
2.889999999999999680e+00
2.889999999999999680e+00
2.889999999999999680e+00
2.889999999999999680e+00
2.889999999999999680e+00
2.889999999999999680e+00
2.889999999999999680e+00
2.889999999999999680e+00
2.889999999999999680e+00
2.889999999999999680e+00
2.889999999999999680e+00
2.889999999999999680e+00
2.889999999999999680e+00
2.889999999999999680e+00
2.889999999999999680e+00
2.889999999999999680e+00
2.889999999999999680e+00
2.889999999999999680e+00
2.889999999999999680e+00
2.889999999999999680e+00
2.889999999999999680e+00
2.889999999999999680e+00
2.705763786068077437e+00
2.889999999999999680e+00
2.889999999999999680e+00
2.889999999999999680e+00
2.889999999999999680e+00
2.889999999999999680e+00
2.889999999999999680e+00
2.889999999999999680e+00
2.889999999999999680e+00
2.889999999999999680e+00
2.889999999999999680e+00
2.889999999999999680e+00
2.889999999999999680e+00
2.889999999999999680e+00
2.889999999999999680e+00
2.889999999999999680e+00
2.889999999999999680e+00
2.889999999999999680e+00
2.889999999999999680e+00
2.889999999999999680e+00
2.889999999999999680e+00
2.889999999999999680e+00
2.889999999999999680e+00
4.844515978188821531e-06
1.516404507951911657e-06
3.009999999999999343e+00
3.009999999999999343e+00
3.009999999999999343e+00
3.009999999999999343e+00
3.009999999999999343e+00
3.009999999999999343e+00
3.009999999999999343e+00
3.009999999999999343e+00
3.009999999999999343e+00
3.009999999999999343e+00
3.009999999999999343e+00
3.009999999999999343e+00
3.009999999999999343e+00
3.009999999999999343e+00
3.009999999999999343e+00
3.009999999999999343e+00
3.009999999999999343e+00
3.009999999999999343e+00
3.009999999999999343e+00
3.009999999999999343e+00
3.009999999999999343e+00
3.009999999999999343e+00
3.009999999999999343e+00
3.009999999999999343e+00
3.009999999999999343e+00
3.009999999999999343e+00
2.878543684187117702e+00
3.009999999999999343e+00
3.009999999999999343e+00
3.009999999999999343e+00
3.009999999999999343e+00
3.009999999999999343e+00
3.009999999999999343e+00
3.009999999999999343e+00
3.009999999999999343e+00
3.009999999999999343e+00
3.009999999999999343e+00
3.009999999999999343e+00
3.009999999999999343e+00
3.009999999999999343e+00
3.009999999999999343e+00
3.009999999999999343e+00
3.009999999999999343e+00
3.009999999999999343e+00
3.009999999999999343e+00
3.009999999999999343e+00
3.009999999999999343e+00
3.009999999999999343e+00
5.821638276353298100e-06
1.963162311867563203e-06
3.129999999999999449e+00
3.129999999999999449e+00
3.129999999999999449e+00
3.129999999999999449e+00
3.129999999999999449e+00
3.129999999999999449e+00
3.129999999999999449e+00
3.129999999999999449e+00
3.129999999999999449e+00
3.129999999999999449e+00
3.129999999999999449e+00
3.129999999999999449e+00
3.129999999999999449e+00
3.129999999999999449e+00
3.129999999999999449e+00
3.129999999999999449e+00
3.129999999999999449e+00
3.129999999999999449e+00
3.129999999999999449e+00
3.129999999999999449e+00
3.129999999999999449e+00
3.129999999999999449e+00
3.129999999999999449e+00
3.129999999999999449e+00
3.129999999999999449e+00
3.129999999999999449e+00
3.129999999999999449e+00
3.051934624848184452e+00
3.129999999999999449e+00
3.129999999999999449e+00
3.129999999999999449e+00
3.129999999999999449e+00
3.129999999999999449e+00
3.129999999999999449e+00
3.129999999999999449e+00
3.129999999999999449e+00
3.129999999999999449e+00
3.129999999999999449e+00
3.129999999999999449e+00
3.129999999999999449e+00
3.129999999999999449e+00
3.129999999999999449e+00
3.129999999999999449e+00
3.129999999999999449e+00
3.129999999999999449e+00
3.129999999999999449e+00
3.129999999999999449e+00
3.129999999999999449e+00
4.885186630757720770e-07
8.619476697451592946e-06
3.249999999999999556e+00
3.249999999999999556e+00
3.249999999999999556e+00
3.249999999999999556e+00
3.249999999999999556e+00
3.249999999999999556e+00
3.249999999999999556e+00
3.249999999999999556e+00
3.249999999999999556e+00
3.249999999999999556e+00
3.249999999999999556e+00
3.249999999999999556e+00
3.249999999999999556e+00
3.249999999999999556e+00
3.249999999999999556e+00
3.249999999999999556e+00
3.249999999999999556e+00
3.249999999999999556e+00
3.249999999999999556e+00
3.249999999999999556e+00
3.249999999999999556e+00
3.249999999999999556e+00
3.249999999999999556e+00
3.249999999999999556e+00
3.249999999999999556e+00
3.249999999999999556e+00
3.249999999999999556e+00
3.249999999999999556e+00
3.228347914851465550e+00
3.249999999999999556e+00
3.249999999999999556e+00
3.249999999999999556e+00
3.249999999999999556e+00
3.249999999999999556e+00
3.249999999999999556e+00
3.249999999999999556e+00
3.249999999999999556e+00
3.249999999999999556e+00
3.249999999999999556e+00
3.249999999999999556e+00
3.249999999999999556e+00
3.249999999999999556e+00
3.249999999999999556e+00
3.249999999999999556e+00
3.249999999999999556e+00
3.249999999999999556e+00
3.249999999999999556e+00
3.249999999999999556e+00
7.264714960280527717e-07
6.538243039605522135e-06
3.369999999999999662e+00
3.369999999999999662e+00
3.369999999999999662e+00
3.369999999999999662e+00
3.369999999999999662e+00
3.369999999999999662e+00
3.369999999999999662e+00
3.369999999999999662e+00
3.369999999999999662e+00
3.369999999999999662e+00
3.369999999999999662e+00
3.369999999999999662e+00
3.369999999999999662e+00
3.369999999999999662e+00
3.369999999999999662e+00
3.369999999999999662e+00
3.369999999999999662e+00
3.369999999999999662e+00
3.369999999999999662e+00
3.369999999999999662e+00
3.369999999999999662e+00
3.369999999999999662e+00
3.369999999999999662e+00
3.369999999999999662e+00
3.369999999999999662e+00
3.369999999999999662e+00
3.369999999999999662e+00
3.369999999999999662e+00
3.369999999999999662e+00
3.369999999999999662e+00
3.369999999999999662e+00
3.369999999999999662e+00
3.369999999999999662e+00
3.369999999999999662e+00
3.369999999999999662e+00
3.369999999999999662e+00
3.369999999999999662e+00
3.369999999999999662e+00
3.369999999999999662e+00
3.369999999999999662e+00
3.369999999999999662e+00
3.369999999999999662e+00
3.369999999999999662e+00
3.369999999999999662e+00
3.369999999999999662e+00
3.369999999999999662e+00
3.369999999999999662e+00
3.369999999999999662e+00
4.358084554369925038e-06
4.459309634645155166e-06
3.489999999999999325e+00
3.489999999999999325e+00
3.489999999999999325e+00
3.489999999999999325e+00
3.489999999999999325e+00
3.489999999999999325e+00
3.489999999999999325e+00
3.489999999999999325e+00
3.489999999999999325e+00
3.489999999999999325e+00
3.489999999999999325e+00
3.489999999999999325e+00
3.489999999999999325e+00
3.489999999999999325e+00
3.489999999999999325e+00
3.489999999999999325e+00
3.489999999999999325e+00
3.489999999999999325e+00
3.489999999999999325e+00
3.489999999999999325e+00
3.489999999999999325e+00
3.489999999999999325e+00
3.489999999999999325e+00
3.489999999999999325e+00
3.489999999999999325e+00
3.489999999999999325e+00
3.489999999999999325e+00
3.489999999999999325e+00
3.489999999999999325e+00
3.489999999999999325e+00
3.489999999999999325e+00
3.489999999999999325e+00
3.489999999999999325e+00
3.489999999999999325e+00
3.489999999999999325e+00
3.489999999999999325e+00
3.489999999999999325e+00
3.489999999999999325e+00
3.489999999999999325e+00
3.489999999999999325e+00
3.489999999999999325e+00
3.489999999999999325e+00
3.489999999999999325e+00
3.489999999999999325e+00
3.489999999999999325e+00
3.489999999999999325e+00
3.489999999999999325e+00
3.489999999999999325e+00
8.728624725905228735e-06
3.006125814437199598e-06
3.609999999999999432e+00
3.609999999999999432e+00
3.609999999999999432e+00
3.609999999999999432e+00
3.609999999999999432e+00
3.609999999999999432e+00
3.609999999999999432e+00
3.609999999999999432e+00
3.609999999999999432e+00
3.609999999999999432e+00
3.609999999999999432e+00
3.609999999999999432e+00
3.609999999999999432e+00
3.609999999999999432e+00
3.609999999999999432e+00
3.609999999999999432e+00
3.609999999999999432e+00
3.609999999999999432e+00
3.609999999999999432e+00
3.609999999999999432e+00
3.609999999999999432e+00
3.609999999999999432e+00
3.609999999999999432e+00
3.609999999999999432e+00
3.609999999999999432e+00
3.609999999999999432e+00
3.609999999999999432e+00
3.609999999999999432e+00
3.609999999999999432e+00
3.609999999999999432e+00
3.609999999999999432e+00
3.609999999999999432e+00
3.609999999999999432e+00
3.609999999999999432e+00
3.609999999999999432e+00
3.609999999999999432e+00
3.609999999999999432e+00
3.609999999999999432e+00
3.609999999999999432e+00
3.609999999999999432e+00
3.609999999999999432e+00
3.609999999999999432e+00
3.609999999999999432e+00
3.609999999999999432e+00
3.609999999999999432e+00
3.609999999999999432e+00
3.609999999999999432e+00
3.609999999999999432e+00
4.288765071261588711e-06
8.711579070835353468e-06
3.729999999999999538e+00
3.729999999999999538e+00
3.729999999999999538e+00
3.729999999999999538e+00
3.729999999999999538e+00
3.729999999999999538e+00
3.729999999999999538e+00
3.729999999999999538e+00
3.729999999999999538e+00
3.729999999999999538e+00
3.729999999999999538e+00
3.729999999999999538e+00
3.729999999999999538e+00
3.729999999999999538e+00
3.729999999999999538e+00
3.729999999999999538e+00
3.729999999999999538e+00
3.729999999999999538e+00
3.729999999999999538e+00
3.729999999999999538e+00
3.729999999999999538e+00
3.729999999999999538e+00
3.729999999999999538e+00
3.729999999999999538e+00
3.729999999999999538e+00
3.729999999999999538e+00
3.729999999999999538e+00
3.729999999999999538e+00
3.729999999999999538e+00
3.729999999999999538e+00
3.729999999999999538e+00
3.729999999999999538e+00
3.729999999999999538e+00
3.729999999999999538e+00
3.729999999999999538e+00
3.729999999999999538e+00
3.729999999999999538e+00
3.729999999999999538e+00
3.729999999999999538e+00
3.729999999999999538e+00
3.729999999999999538e+00
3.729999999999999538e+00
3.729999999999999538e+00
3.729999999999999538e+00
3.729999999999999538e+00
3.729999999999999538e+00
3.729999999999999538e+00
3.729999999999999538e+00
1.521536283143079079e-06
5.970480083590970349e-06
3.849999999999999645e+00
3.849999999999999645e+00
3.849999999999999645e+00
3.849999999999999645e+00
3.849999999999999645e+00
3.849999999999999645e+00
3.849999999999999645e+00
3.849999999999999645e+00
3.849999999999999645e+00
3.849999999999999645e+00
3.849999999999999645e+00
3.849999999999999645e+00
3.849999999999999645e+00
3.849999999999999645e+00
3.849999999999999645e+00
3.849999999999999645e+00
3.849999999999999645e+00
3.849999999999999645e+00
3.849999999999999645e+00
3.849999999999999645e+00
3.849999999999999645e+00
3.849999999999999645e+00
3.849999999999999645e+00
3.849999999999999645e+00
3.849999999999999645e+00
3.849999999999999645e+00
3.849999999999999645e+00
3.849999999999999645e+00
3.849999999999999645e+00
3.849999999999999645e+00
3.849999999999999645e+00
3.849999999999999645e+00
3.849999999999999645e+00
3.849999999999999645e+00
3.849999999999999645e+00
3.849999999999999645e+00
3.849999999999999645e+00
3.849999999999999645e+00
3.849999999999999645e+00
3.849999999999999645e+00
3.849999999999999645e+00
3.849999999999999645e+00
3.849999999999999645e+00
3.849999999999999645e+00
3.849999999999999645e+00
3.849999999999999645e+00
3.849999999999999645e+00
3.849999999999999645e+00
3.629011809173548858e-06
5.327523429447196544e-06
3.969999999999999307e+00
3.969999999999999307e+00
3.969999999999999307e+00
3.969999999999999307e+00
3.969999999999999307e+00
3.969999999999999307e+00
3.969999999999999307e+00
3.969999999999999307e+00
3.969999999999999307e+00
3.969999999999999307e+00
3.969999999999999307e+00
3.969999999999999307e+00
3.969999999999999307e+00
3.969999999999999307e+00
3.969999999999999307e+00
3.969999999999999307e+00
3.969999999999999307e+00
3.969999999999999307e+00
3.969999999999999307e+00
3.969999999999999307e+00
3.969999999999999307e+00
3.969999999999999307e+00
3.969999999999999307e+00
3.969999999999999307e+00
3.969999999999999307e+00
3.969999999999999307e+00
3.969999999999999307e+00
3.969999999999999307e+00
3.969999999999999307e+00
3.969999999999999307e+00
3.969999999999999307e+00
3.969999999999999307e+00
3.969999999999999307e+00
3.969999999999999307e+00
3.969999999999999307e+00
3.969999999999999307e+00
3.969999999999999307e+00
3.969999999999999307e+00
3.969999999999999307e+00
3.969999999999999307e+00
3.969999999999999307e+00
3.969999999999999307e+00
3.969999999999999307e+00
3.969999999999999307e+00
3.969999999999999307e+00
3.969999999999999307e+00
3.969999999999999307e+00
3.969999999999999307e+00
1.238032696096388394e-06
9.968939714190939256e-06
4.089999999999999858e+00
4.089999999999999858e+00
4.089999999999999858e+00
4.089999999999999858e+00
4.089999999999999858e+00
4.089999999999999858e+00
4.089999999999999858e+00
4.089999999999999858e+00
4.089999999999999858e+00
4.089999999999999858e+00
4.089999999999999858e+00
4.089999999999999858e+00
4.089999999999999858e+00
4.089999999999999858e+00
4.089999999999999858e+00
4.089999999999999858e+00
4.089999999999999858e+00
4.089999999999999858e+00
4.089999999999999858e+00
4.089999999999999858e+00
4.089999999999999858e+00
4.089999999999999858e+00
4.089999999999999858e+00
4.089999999999999858e+00
4.089999999999999858e+00
4.089999999999999858e+00
4.089999999999999858e+00
4.089999999999999858e+00
4.089999999999999858e+00
4.089999999999999858e+00
4.089999999999999858e+00
4.089999999999999858e+00
4.089999999999999858e+00
4.089999999999999858e+00
4.089999999999999858e+00
4.089999999999999858e+00
4.089999999999999858e+00
4.089999999999999858e+00
4.089999999999999858e+00
4.089999999999999858e+00
4.089999999999999858e+00
4.089999999999999858e+00
4.089999999999999858e+00
4.089999999999999858e+00
4.089999999999999858e+00
4.089999999999999858e+00
4.089999999999999858e+00
4.089999999999999858e+00
2.331594151836668975e-06
9.237419623708959367e-06
4.209999999999999076e+00
4.209999999999999076e+00
4.209999999999999076e+00
4.209999999999999076e+00
4.209999999999999076e+00
4.209999999999999076e+00
4.209999999999999076e+00
4.209999999999999076e+00
4.209999999999999076e+00
4.209999999999999076e+00
4.209999999999999076e+00
4.209999999999999076e+00
4.209999999999999076e+00
4.209999999999999076e+00
4.209999999999999076e+00
4.209999999999999076e+00
4.209999999999999076e+00
4.209999999999999076e+00
4.209999999999999076e+00
4.209999999999999076e+00
4.209999999999999076e+00
4.209999999999999076e+00
4.209999999999999076e+00
4.209999999999999076e+00
4.209999999999999076e+00
4.209999999999999076e+00
4.209999999999999076e+00
4.209999999999999076e+00
4.209999999999999076e+00
4.209999999999999076e+00
4.209999999999999076e+00
4.209999999999999076e+00
4.209999999999999076e+00
4.209999999999999076e+00
4.209999999999999076e+00
4.209999999999999076e+00
4.209999999999999076e+00
4.209999999999999076e+00
4.209999999999999076e+00
4.209999999999999076e+00
4.209999999999999076e+00
4.209999999999999076e+00
4.209999999999999076e+00
4.209999999999999076e+00
4.209999999999999076e+00
4.209999999999999076e+00
4.209999999999999076e+00
4.209999999999999076e+00
6.849390559594993391e-06
6.477399274681901896e-06
4.329999999999999183e+00
4.329999999999999183e+00
4.329999999999999183e+00
4.329999999999999183e+00
4.329999999999999183e+00
4.329999999999999183e+00
4.329999999999999183e+00
4.329999999999999183e+00
4.329999999999999183e+00
4.329999999999999183e+00
4.329999999999999183e+00
4.329999999999999183e+00
4.329999999999999183e+00
4.329999999999999183e+00
4.329999999999999183e+00
4.329999999999999183e+00
4.329999999999999183e+00
4.329999999999999183e+00
4.329999999999999183e+00
4.329999999999999183e+00
4.329999999999999183e+00
4.329999999999999183e+00
4.329999999999999183e+00
4.329999999999999183e+00
4.329999999999999183e+00
4.329999999999999183e+00
4.329999999999999183e+00
4.329999999999999183e+00
4.329999999999999183e+00
4.329999999999999183e+00
4.329999999999999183e+00
4.329999999999999183e+00
4.329999999999999183e+00
4.329999999999999183e+00
4.329999999999999183e+00
4.329999999999999183e+00
4.329999999999999183e+00
4.329999999999999183e+00
4.329999999999999183e+00
4.329999999999999183e+00
4.329999999999999183e+00
4.329999999999999183e+00
4.329999999999999183e+00
4.329999999999999183e+00
4.329999999999999183e+00
4.329999999999999183e+00
4.329999999999999183e+00
4.329999999999999183e+00
3.569703288636235628e-06
3.815646354958825792e-06
4.449999999999999289e+00
4.449999999999999289e+00
4.449999999999999289e+00
4.449999999999999289e+00
4.449999999999999289e+00
4.449999999999999289e+00
4.449999999999999289e+00
4.449999999999999289e+00
4.449999999999999289e+00
4.449999999999999289e+00
4.449999999999999289e+00
4.449999999999999289e+00
4.449999999999999289e+00
4.449999999999999289e+00
4.449999999999999289e+00
4.449999999999999289e+00
4.449999999999999289e+00
4.449999999999999289e+00
4.449999999999999289e+00
4.449999999999999289e+00
4.449999999999999289e+00
4.449999999999999289e+00
4.449999999999999289e+00
4.449999999999999289e+00
4.449999999999999289e+00
4.449999999999999289e+00
4.449999999999999289e+00
4.449999999999999289e+00
4.449999999999999289e+00
4.449999999999999289e+00
4.449999999999999289e+00
4.449999999999999289e+00
4.449999999999999289e+00
4.449999999999999289e+00
4.449999999999999289e+00
4.449999999999999289e+00
4.449999999999999289e+00
4.449999999999999289e+00
4.449999999999999289e+00
4.449999999999999289e+00
4.449999999999999289e+00
4.449999999999999289e+00
4.449999999999999289e+00
4.449999999999999289e+00
4.449999999999999289e+00
4.449999999999999289e+00
4.449999999999999289e+00
4.449999999999999289e+00
3.911594337372119419e-06
9.891948987428213308e-06
4.569999999999999396e+00
4.569999999999999396e+00
4.569999999999999396e+00
4.569999999999999396e+00
4.569999999999999396e+00
4.569999999999999396e+00
4.569999999999999396e+00
4.569999999999999396e+00
4.569999999999999396e+00
4.569999999999999396e+00
4.569999999999999396e+00
4.569999999999999396e+00
4.569999999999999396e+00
4.569999999999999396e+00
4.569999999999999396e+00
4.569999999999999396e+00
4.569999999999999396e+00
4.569999999999999396e+00
4.569999999999999396e+00
4.569999999999999396e+00
4.569999999999999396e+00
4.569999999999999396e+00
4.569999999999999396e+00
4.569999999999999396e+00
4.569999999999999396e+00
4.569999999999999396e+00
4.569999999999999396e+00
4.569999999999999396e+00
4.569999999999999396e+00
4.569999999999999396e+00
4.569999999999999396e+00
4.569999999999999396e+00
4.569999999999999396e+00
4.569999999999999396e+00
4.569999999999999396e+00
4.569999999999999396e+00
4.569999999999999396e+00
4.569999999999999396e+00
4.569999999999999396e+00
4.569999999999999396e+00
4.569999999999999396e+00
4.569999999999999396e+00
4.569999999999999396e+00
4.569999999999999396e+00
4.569999999999999396e+00
4.569999999999999396e+00
4.569999999999999396e+00
4.569999999999999396e+00
8.396874729905712151e-06
8.311919603391834107e-06
4.689999999999999503e+00
4.689999999999999503e+00
4.689999999999999503e+00
4.689999999999999503e+00
4.689999999999999503e+00
4.689999999999999503e+00
4.689999999999999503e+00
4.689999999999999503e+00
4.689999999999999503e+00
4.689999999999999503e+00
4.689999999999999503e+00
4.689999999999999503e+00
4.689999999999999503e+00
4.689999999999999503e+00
4.689999999999999503e+00
4.689999999999999503e+00
4.689999999999999503e+00
4.689999999999999503e+00
4.689999999999999503e+00
4.689999999999999503e+00
4.689999999999999503e+00
4.689999999999999503e+00
4.689999999999999503e+00
4.689999999999999503e+00
4.689999999999999503e+00
4.689999999999999503e+00
4.689999999999999503e+00
4.689999999999999503e+00
4.689999999999999503e+00
4.689999999999999503e+00
4.689999999999999503e+00
4.689999999999999503e+00
4.689999999999999503e+00
4.689999999999999503e+00
4.689999999999999503e+00
4.689999999999999503e+00
4.689999999999999503e+00
4.689999999999999503e+00
4.689999999999999503e+00
4.689999999999999503e+00
4.689999999999999503e+00
4.689999999999999503e+00
4.689999999999999503e+00
4.689999999999999503e+00
4.689999999999999503e+00
4.689999999999999503e+00
4.689999999999999503e+00
4.689999999999999503e+00
6.286993216570636849e-06
3.621836135509692858e-06
4.809999999999999609e+00
4.809999999999999609e+00
4.809999999999999609e+00
4.809999999999999609e+00
4.809999999999999609e+00
4.809999999999999609e+00
4.809999999999999609e+00
4.809999999999999609e+00
4.809999999999999609e+00
4.809999999999999609e+00
4.809999999999999609e+00
4.809999999999999609e+00
4.809999999999999609e+00
4.809999999999999609e+00
4.809999999999999609e+00
4.809999999999999609e+00
4.809999999999999609e+00
4.809999999999999609e+00
4.809999999999999609e+00
4.809999999999999609e+00
4.809999999999999609e+00
4.809999999999999609e+00
4.809999999999999609e+00
4.809999999999999609e+00
4.809999999999999609e+00
4.809999999999999609e+00
4.809999999999999609e+00
4.809999999999999609e+00
4.809999999999999609e+00
4.809999999999999609e+00
4.809999999999999609e+00
4.809999999999999609e+00
4.809999999999999609e+00
4.809999999999999609e+00
4.809999999999999609e+00
4.809999999999999609e+00
4.809999999999999609e+00
4.809999999999999609e+00
4.809999999999999609e+00
4.809999999999999609e+00
4.809999999999999609e+00
4.809999999999999609e+00
4.809999999999999609e+00
4.809999999999999609e+00
4.809999999999999609e+00
4.809999999999999609e+00
4.809999999999999609e+00
4.809999999999999609e+00
7.753359303428169680e-06
8.274560805996136536e-06
4.929999999999999716e+00
4.929999999999999716e+00
4.929999999999999716e+00
4.929999999999999716e+00
4.929999999999999716e+00
4.929999999999999716e+00
4.929999999999999716e+00
4.929999999999999716e+00
4.929999999999999716e+00
4.929999999999999716e+00
4.929999999999999716e+00
4.929999999999999716e+00
4.929999999999999716e+00
4.929999999999999716e+00
4.929999999999999716e+00
4.929999999999999716e+00
4.929999999999999716e+00
4.929999999999999716e+00
4.929999999999999716e+00
4.929999999999999716e+00
4.929999999999999716e+00
4.929999999999999716e+00
4.929999999999999716e+00
4.929999999999999716e+00
4.929999999999999716e+00
4.929999999999999716e+00
4.929999999999999716e+00
4.929999999999999716e+00
4.929999999999999716e+00
4.929999999999999716e+00
4.929999999999999716e+00
4.929999999999999716e+00
4.929999999999999716e+00
4.929999999999999716e+00
4.929999999999999716e+00
4.929999999999999716e+00
4.929999999999999716e+00
4.929999999999999716e+00
4.929999999999999716e+00
4.929999999999999716e+00
4.929999999999999716e+00
4.929999999999999716e+00
4.929999999999999716e+00
4.929999999999999716e+00
4.929999999999999716e+00
4.929999999999999716e+00
4.929999999999999716e+00
4.929999999999999716e+00
2.082030978462834383e-07
8.181289427476375352e-06
5.049999999999998934e+00
5.049999999999998934e+00
5.049999999999998934e+00
5.049999999999998934e+00
5.049999999999998934e+00
5.049999999999998934e+00
5.049999999999998934e+00
5.049999999999998934e+00
5.049999999999998934e+00
5.049999999999998934e+00
5.049999999999998934e+00
5.049999999999998934e+00
5.049999999999998934e+00
5.049999999999998934e+00
5.049999999999998934e+00
5.049999999999998934e+00
5.049999999999998934e+00
5.049999999999998934e+00
5.049999999999998934e+00
5.049999999999998934e+00
5.049999999999998934e+00
5.049999999999998934e+00
5.049999999999998934e+00
5.049999999999998934e+00
5.049999999999998934e+00
5.049999999999998934e+00
5.049999999999998934e+00
5.049999999999998934e+00
5.049999999999998934e+00
5.049999999999998934e+00
5.049999999999998934e+00
5.049999999999998934e+00
5.049999999999998934e+00
5.049999999999998934e+00
5.049999999999998934e+00
5.049999999999998934e+00
5.049999999999998934e+00
5.049999999999998934e+00
5.049999999999998934e+00
5.049999999999998934e+00
5.049999999999998934e+00
5.049999999999998934e+00
5.049999999999998934e+00
5.049999999999998934e+00
5.049999999999998934e+00
5.049999999999998934e+00
5.049999999999998934e+00
5.049999999999998934e+00
6.022713243058210461e-06
9.703780505934341783e-06
5.169999999999999041e+00
5.169999999999999041e+00
5.169999999999999041e+00
5.169999999999999041e+00
5.169999999999999041e+00
5.169999999999999041e+00
5.169999999999999041e+00
5.169999999999999041e+00
5.169999999999999041e+00
5.169999999999999041e+00
5.169999999999999041e+00
5.169999999999999041e+00
5.169999999999999041e+00
5.169999999999999041e+00
5.169999999999999041e+00
5.169999999999999041e+00
5.169999999999999041e+00
5.169999999999999041e+00
5.169999999999999041e+00
5.169999999999999041e+00
5.169999999999999041e+00
5.169999999999999041e+00
5.169999999999999041e+00
5.169999999999999041e+00
5.169999999999999041e+00
5.169999999999999041e+00
5.169999999999999041e+00
5.169999999999999041e+00
5.169999999999999041e+00
5.169999999999999041e+00
5.169999999999999041e+00
5.169999999999999041e+00
5.169999999999999041e+00
5.169999999999999041e+00
5.169999999999999041e+00
5.169999999999999041e+00
5.169999999999999041e+00
5.169999999999999041e+00
5.169999999999999041e+00
5.169999999999999041e+00
5.169999999999999041e+00
5.169999999999999041e+00
5.169999999999999041e+00
5.169999999999999041e+00
5.169999999999999041e+00
5.169999999999999041e+00
5.169999999999999041e+00
5.169999999999999041e+00
5.033873070871653789e-06
9.796542081783736510e-06
5.289999999999999147e+00
5.289999999999999147e+00
5.289999999999999147e+00
5.289999999999999147e+00
5.289999999999999147e+00
5.289999999999999147e+00
5.289999999999999147e+00
5.289999999999999147e+00
5.289999999999999147e+00
5.289999999999999147e+00
5.289999999999999147e+00
5.289999999999999147e+00
5.289999999999999147e+00
5.289999999999999147e+00
5.289999999999999147e+00
5.289999999999999147e+00
5.289999999999999147e+00
5.289999999999999147e+00
5.289999999999999147e+00
5.289999999999999147e+00
5.289999999999999147e+00
5.289999999999999147e+00
5.289999999999999147e+00
5.289999999999999147e+00
5.289999999999999147e+00
5.289999999999999147e+00
5.289999999999999147e+00
5.289999999999999147e+00
5.289999999999999147e+00
5.289999999999999147e+00
5.289999999999999147e+00
5.289999999999999147e+00
5.289999999999999147e+00
5.289999999999999147e+00
5.289999999999999147e+00
5.289999999999999147e+00
5.289999999999999147e+00
5.289999999999999147e+00
5.289999999999999147e+00
5.289999999999999147e+00
5.289999999999999147e+00
5.289999999999999147e+00
5.289999999999999147e+00
5.289999999999999147e+00
5.289999999999999147e+00
5.289999999999999147e+00
5.289999999999999147e+00
5.289999999999999147e+00
4.879569024571861713e-06
5.512227090297125757e-06
5.409999999999999254e+00
5.409999999999999254e+00
5.409999999999999254e+00
5.409999999999999254e+00
5.409999999999999254e+00
5.409999999999999254e+00
5.409999999999999254e+00
5.409999999999999254e+00
5.409999999999999254e+00
5.409999999999999254e+00
5.409999999999999254e+00
5.409999999999999254e+00
5.409999999999999254e+00
5.409999999999999254e+00
5.409999999999999254e+00
5.409999999999999254e+00
5.409999999999999254e+00
5.409999999999999254e+00
5.409999999999999254e+00
5.409999999999999254e+00
5.409999999999999254e+00
5.409999999999999254e+00
5.409999999999999254e+00
5.409999999999999254e+00
5.409999999999999254e+00
5.409999999999999254e+00
5.409999999999999254e+00
5.409999999999999254e+00
5.409999999999999254e+00
5.409999999999999254e+00
5.409999999999999254e+00
5.409999999999999254e+00
5.409999999999999254e+00
5.409999999999999254e+00
5.409999999999999254e+00
5.409999999999999254e+00
5.409999999999999254e+00
5.409999999999999254e+00
5.409999999999999254e+00
5.409999999999999254e+00
5.409999999999999254e+00
5.409999999999999254e+00
5.409999999999999254e+00
5.409999999999999254e+00
5.409999999999999254e+00
5.409999999999999254e+00
5.409999999999999254e+00
5.409999999999999254e+00
2.893760872617594677e-06
6.743395698941289031e-06
5.529999999999999361e+00
5.529999999999999361e+00
5.529999999999999361e+00
5.529999999999999361e+00
5.529999999999999361e+00
5.529999999999999361e+00
5.529999999999999361e+00
5.529999999999999361e+00
5.529999999999999361e+00
5.529999999999999361e+00
5.529999999999999361e+00
5.529999999999999361e+00
5.529999999999999361e+00
5.529999999999999361e+00
5.529999999999999361e+00
5.529999999999999361e+00
5.529999999999999361e+00
5.529999999999999361e+00
5.529999999999999361e+00
5.529999999999999361e+00
5.529999999999999361e+00
5.529999999999999361e+00
5.529999999999999361e+00
5.529999999999999361e+00
5.529999999999999361e+00
5.529999999999999361e+00
5.529999999999999361e+00
5.529999999999999361e+00
5.529999999999999361e+00
5.529999999999999361e+00
5.529999999999999361e+00
5.529999999999999361e+00
5.529999999999999361e+00
5.529999999999999361e+00
5.529999999999999361e+00
5.529999999999999361e+00
5.529999999999999361e+00
5.529999999999999361e+00
5.529999999999999361e+00
5.529999999999999361e+00
5.529999999999999361e+00
5.529999999999999361e+00
5.529999999999999361e+00
5.529999999999999361e+00
5.529999999999999361e+00
5.529999999999999361e+00
5.529999999999999361e+00
5.529999999999999361e+00
7.278195882320387812e-06
5.439108264321138626e-06
5.649999999999999467e+00
5.649999999999999467e+00
5.649999999999999467e+00
5.649999999999999467e+00
5.649999999999999467e+00
5.649999999999999467e+00
5.649999999999999467e+00
5.649999999999999467e+00
5.649999999999999467e+00
5.649999999999999467e+00
5.649999999999999467e+00
5.649999999999999467e+00
5.649999999999999467e+00
5.649999999999999467e+00
5.649999999999999467e+00
5.649999999999999467e+00
5.649999999999999467e+00
5.649999999999999467e+00
5.649999999999999467e+00
5.649999999999999467e+00
5.649999999999999467e+00
5.649999999999999467e+00
5.649999999999999467e+00
5.649999999999999467e+00
5.649999999999999467e+00
5.649999999999999467e+00
5.649999999999999467e+00
5.649999999999999467e+00
5.649999999999999467e+00
5.649999999999999467e+00
5.649999999999999467e+00
5.649999999999999467e+00
5.649999999999999467e+00
5.649999999999999467e+00
5.649999999999999467e+00
5.649999999999999467e+00
5.649999999999999467e+00
5.649999999999999467e+00
5.649999999999999467e+00
5.649999999999999467e+00
5.649999999999999467e+00
5.649999999999999467e+00
5.649999999999999467e+00
5.649999999999999467e+00
5.649999999999999467e+00
5.649999999999999467e+00
5.649999999999999467e+00
5.649999999999999467e+00
5.462186558498288868e-06
9.297018217631729457e-06
5.769999999999999574e+00
5.769999999999999574e+00
5.769999999999999574e+00
5.769999999999999574e+00
5.769999999999999574e+00
5.769999999999999574e+00
5.769999999999999574e+00
5.769999999999999574e+00
5.769999999999999574e+00
5.769999999999999574e+00
5.769999999999999574e+00
5.769999999999999574e+00
5.769999999999999574e+00
5.769999999999999574e+00
5.769999999999999574e+00
5.769999999999999574e+00
5.769999999999999574e+00
5.769999999999999574e+00
5.769999999999999574e+00
5.769999999999999574e+00
5.769999999999999574e+00
5.769999999999999574e+00
5.769999999999999574e+00
5.769999999999999574e+00
5.769999999999999574e+00
5.769999999999999574e+00
5.769999999999999574e+00
5.769999999999999574e+00
5.769999999999999574e+00
5.769999999999999574e+00
5.769999999999999574e+00
5.769999999999999574e+00
5.769999999999999574e+00
5.769999999999999574e+00
5.769999999999999574e+00
5.769999999999999574e+00
5.769999999999999574e+00
5.769999999999999574e+00
5.769999999999999574e+00
5.769999999999999574e+00
5.769999999999999574e+00
5.769999999999999574e+00
5.769999999999999574e+00
5.769999999999999574e+00
5.769999999999999574e+00
5.769999999999999574e+00
5.769999999999999574e+00
5.769999999999999574e+00
4.317039217083673920e-06
4.670907949120683103e-06
3.606888905058756159e-06
2.072189140060290779e-06
9.301443051388277359e-06
2.914094178473122143e-06
3.974936124795928921e-06
6.267427464191504844e-06
3.053071506110449594e-08
3.245704903744546412e-06
2.436844284475605430e-06
2.094757989354610988e-06
7.981651906805989951e-06
4.257851119460220909e-07
9.193395010714746986e-06
9.833968793655106268e-06
5.170465361991842450e-06
1.541297619437491574e-06
2.284062087371922088e-06
4.533253116989406525e-06
4.207558651953976146e-06
4.185453846290514158e-06
1.264930862269521108e-06
3.037941550282360460e-06
3.843722204256474600e-06
2.128614425317224385e-06
6.639526677135906244e-06
4.699111539099763613e-06
8.726976465512606670e-06
6.543195680957118312e-06
9.631817345178109399e-06
7.395603609641435008e-06
3.914781231947566843e-06
6.448711460811464599e-06
4.196708637019627318e-06
5.078221966342095635e-06
5.888013939257332053e-06
1.486490603848824616e-06
2.221168850223207463e-06
5.622900580828952153e-06
6.486077967898359596e-06
5.051172265497584102e-06
2.328399555280428248e-06
6.811312080659278881e-06
4.205021532681160333e-06
8.856782978865311427e-06
1.657370790202038459e-06
8.814274572573703166e-06
1.320056604485253415e-07
2.489621065585787579e-06
8.883428517933422201e-07
