9.884425714036317880e-06
5.564190874154817034e-07
4.963595166985654804e-06
5.616728323904790729e-06
4.184895318903962570e-06
4.777803005628878780e-06
1.387776268715610245e-06
5.724276939642044909e-06
8.035148698008318490e-06
4.117968633901939567e-06
7.340147090998861239e-07
5.212871169284179994e-06
3.890589584918000735e-06
4.353799356022625020e-07
6.382274304122816214e-06
1.830862065715510539e-07
1.579675166447720449e-06
4.362102703895257374e-06
6.939972928200530490e-06
3.676198693361034533e-06
3.572675094917874314e-06
6.049534133292191107e-06
6.896378683386254241e-06
9.793445703607749946e-06
5.881882866648403574e-06
9.431441973034845801e-06
9.876766010926413676e-06
2.448593299232174788e-06
5.042594169247780146e-06
4.573460246123879758e-06
7.787990622641847565e-06
1.989348518128594193e-06
1.180122206756258984e-06
7.538702266255270414e-07
9.580812410591898730e-06
7.187874370460692986e-06
7.489534525836661685e-06
9.114720715716627170e-06
5.844742007400682311e-07
3.952293451189985580e-06
2.306864463811079193e-06
6.531526304132493504e-06
3.532237574281470283e-06
3.331015277058536540e-06
3.755595580841041188e-06
9.528819543385672305e-06
7.513170520984280359e-06
9.916162134828553753e-07
5.590206995808816018e-06
5.606749080768096452e-06
5.956112386090495585e-06
3.406175205571309039e+00
1.391987193471354356e+00
2.598904741197770374e+00
3.406190211099490828e+00
2.729489667612435277e-01
3.406187414171499839e+00
3.406191750375964666e+00
2.596242057906484657e+00
3.406190144177380308e+00
8.182345837597982952e-01
3.406191239005127880e+00
3.405934333446781537e+00
2.598897835533547251e+00
3.406192408328384769e+00
7.698409589258195518e-02
3.406187606057290207e+00
1.689183040992106921e+00
3.406191443899542204e+00
3.405941344936016080e+00
3.406189598921085526e+00
5.937565735705351289e-01
3.406192922397648370e+00
1.918814855192354063e+00
3.406186878670001583e+00
2.598911811861055909e+00
3.406195902581400148e+00
3.286982313742533024e-01
3.406191068739759853e+00
3.404893001989125256e+00
3.404808033429516101e+00
3.406188015702661165e+00
4.175704901776723932e-01
3.406186780308759321e+00
2.598905778480257833e+00
2.598906247701899375e+00
3.406193515512975445e+00
4.532054039929347966e-01
3.406186610924302638e+00
1.116987765502842400e+00
3.406182716372300412e+00
3.406191336364905009e+00
2.598459224477664975e+00
3.406189357277777052e+00
1.489967278649297622e-01
3.406195554658700164e+00
1.196158820424414460e+00
3.406182459318492839e+00
2.598963976260971531e+00
5.966725082393598119e-08
6.088378197632782335e-06
4.269696062520611513e+00
3.987408198109362534e+00
6.006549395249391132e+00
3.969751200129377544e+00
5.573779653712725990e-01
3.969751200129377544e+00
5.799538617485435310e+00
5.999814566612362121e+00
5.583904031607639595e+00
4.227367378366208683e+00
2.133479100316634902e+00
5.530690352802433374e+00
6.006539854962425373e+00
3.583255783881719392e+00
1.640152271623317726e-01
3.583255799734278657e+00
5.095112102457702186e+00
5.341727036140325957e+00
4.916092546080824910e+00
1.534119772000814397e+00
3.997350655566483724e+00
3.304023369170209889e+00
5.324604601156665673e+00
6.714078712551802219e+00
6.006561440754590642e+00
4.077834386867719374e+00
6.699257436668827337e-01
4.077834386867719374e+00
6.100769095132126729e+00
6.334101094634656093e+00
4.262174794763443408e+00
8.503284471233399922e-01
4.262174794763443408e+00
6.006545960602797329e+00
6.006550802985614723e+00
4.333774789045465425e+00
9.229234470274154667e-01
4.333747695052846183e+00
4.527603139271869637e+00
2.986166809617317508e+00
6.384502189553926677e+00
6.005426345959283374e+00
3.721131299165385098e+00
3.082400661081661219e-01
3.721131140966328132e+00
4.593886918164561628e+00
3.251994910956255147e+00
6.006699177444890125e+00
1.844344206512282900e-06
3.263345254653280300e-06
6.824806393858238174e+00
7.375696229210074506e+00
5.458735844413062921e+00
2.059689329402470737e+00
3.969759548744577149e+00
9.819393952189698904e-01
3.601553444137184812e+00
7.026462633112555700e+00
7.356385454748705754e+00
3.984715817411563332e+00
4.050952006449040077e+00
6.925086489463558870e+00
6.283919504210569329e+00
2.866775741553796220e+00
2.511479881617672549e-01
2.866776957716496099e+00
6.283922578509621104e+00
8.711452855464683509e+00
5.597218715276092382e+00
2.233321412257665450e+00
5.596688320064211020e+00
6.686684388269378054e+00
8.061935766844596785e+00
7.079858096432077197e+00
4.863008745164655977e+00
1.468531123225121693e+00
4.077122618437874380e+00
1.297454638884897760e+00
4.699194663783167414e+00
4.934752580733517746e+00
1.525905080333871622e+00
4.260304453513363399e+00
2.714909480899807548e+00
6.110091510403208304e+00
7.399626658940296586e+00
4.007233010744620572e+00
1.408950001588687329e+00
3.328394296178181833e+00
6.718929905360889521e+00
4.902406933590943261e+00
7.776722010016730025e+00
5.806164494585469349e+00
2.399167961146334793e+00
4.680726970749241045e-01
1.907185756711133440e+00
5.311176667712508959e+00
6.606147315460710878e+00
6.019756603532338879e+00
6.605213864362697164e-06
3.279299897064599431e-06
1.015550729130228547e+01
7.284397440215428787e+00
3.908796529444394263e+00
5.458736017834660004e+00
4.694869781798660213e+00
1.286929171773003144e+00
4.694934769801652585e+00
6.678470002916971460e+00
8.729128580104395851e+00
5.876236641133490757e+00
7.434007220593586318e+00
8.814427116512352001e+00
6.378132193497640934e+00
2.956903523022810898e+00
3.384215328138838186e-01
2.400266432572241371e+00
4.992582358799670494e+00
8.375227702863691448e+00
6.980200860606923463e+00
4.134455398591362574e+00
3.435551967517027627e+00
6.755213856093635449e+00
8.356073133337220682e+00
4.927501861590910082e+00
2.308139955866723270e+00
4.861565117170489003e+00
5.150595360672212131e+00
1.754891344806052800e+00
5.148106486841581564e+00
5.426976460246400791e+00
2.020877537668146040e+00
5.426019290126898653e+00
4.622957002529671122e+00
7.501596939254826069e+00
7.914484887471240349e+00
4.525237604383205436e+00
1.929271456580301969e+00
5.332568052913464918e+00
8.089112984909121451e+00
8.283837170193834254e+00
9.659147180326346671e+00
7.210374617687791421e+00
4.039731161592732711e+00
6.297094833623666510e-01
4.039620033866857085e+00
4.619704575973320182e+00
8.003553597416502186e+00
8.466100399824412648e+00
9.762721651405146460e-06
1.289096483658871483e-06
9.892831720447416544e+00
6.570409168880185113e+00
7.284393426555984874e+00
5.371538786723262682e+00
1.972935899147995720e+00
4.694685576690905471e+00
1.857784694877913978e+00
5.264621845470451866e+00
8.168556363715033797e+00
9.209616441212688187e+00
1.055381022044621631e+01
8.472398344767627876e+00
5.085402280401270403e+00
2.489969203832039124e+00
4.258698123399075053e-01
3.850392487877344116e+00
6.267389184879099240e+00
7.674094909778536255e+00
8.858306555496819001e+00
7.485946195418400784e+00
5.275791305313646262e+00
4.950398383140364622e+00
8.200722595823346950e+00
6.306300931282091682e+00
2.942207810039108029e+00
5.823949373764232718e+00
2.436004229060126924e+00
5.148929810637386417e+00
6.532578374252700826e+00
5.939088915732519069e+00
2.535137443620975262e+00
5.938950242775976385e+00
7.985158782031007263e+00
9.356274114937857433e+00
8.203032966678216908e+00
5.877592876037001979e+00
2.476546052040521584e+00
4.399869644639399446e+00
7.792961913152947950e+00
8.694267431247741484e+00
7.065857490072391833e+00
5.650921230165231179e+00
4.200744249946209763e+00
7.919650538525646599e-01
4.200740695485671417e+00
6.960540285672518479e+00
9.384883675773629363e+00
1.164281497324022752e+01
7.874098907149995220e-06
6.248122825573008099e-06
1.120952907621427741e+01
8.195373991101066125e+00
6.072344566041479652e+00
2.684145761836902455e+00
5.368846493089466598e+00
5.677895337998969616e+00
2.271722035719322186e+00
3.366169390038729947e+00
6.767405333439875825e+00
1.006906928782755806e+01
9.229714178259056823e+00
7.582945890072590345e+00
6.151362690701204450e+00
3.940031056340036031e+00
5.134759532585508879e-01
1.652744524967401762e+00
2.899966342193844859e+00
5.341311048010169316e+00
8.496573888635420957e+00
9.856543002206739956e+00
8.469137018897734848e+00
6.198161846410187081e+00
9.378625726198890789e+00
6.953439478610012436e+00
3.605894481171560084e+00
6.311847982129433099e+00
2.930169033694621561e+00
6.314271216434312883e+00
8.429158739323090899e+00
6.472745550484684252e+00
3.071155088231862784e+00
6.472390937646872899e+00
8.660740833019421103e+00
9.405229143241356837e+00
6.011267986272584629e+00
3.413096267388674221e+00
3.795223863923801844e+00
7.185341883579977384e+00
9.186875544215364897e+00
7.285370296477201357e+00
3.876693175441550121e+00
2.243202916963785931e+00
1.025939953158079954e+00
4.200745616050342690e+00
2.156547761632320093e+00
5.557830444089328026e+00
8.642355551085946885e+00
1.033904835003274236e+01
6.464106007023321311e-06
9.702785002211344143e-06
8.994382399714487164e+00
6.807333722735137371e+00
3.432151241316866663e+00
6.070096045429193232e+00
7.486400457125100161e+00
6.134015058415309696e+00
2.728731713105621903e+00
6.133962633888670801e+00
5.299982854945402444e+00
8.690136281915355809e+00
7.806179709788138688e+00
4.365277487992870853e+00
2.717248652445728663e+00
1.621256011801805563e+00
6.014221656808974581e-01
4.030221953950677616e+00
6.268501504066756880e+00
7.676427388248261430e+00
9.103467455749607140e+00
1.072279572560677074e+01
1.065157028897112390e+01
8.379896603434390912e+00
1.065181962976033780e+01
7.632279309257896216e+00
4.303994772878199981e+00
7.631650496533922023e+00
6.315244474230872207e+00
3.664276998562412846e+00
7.038718100286163626e+00
7.892622440070143242e+00
6.473447626879765160e+00
3.886219167151089060e+00
7.281332969159694635e+00
1.005921300912197580e+01
7.521401239134430483e+00
4.133919282764000336e+00
7.187016250029891751e+00
6.494578968131387242e+00
9.853966468958526903e+00
8.699533227840166916e+00
6.322257341789129015e+00
4.599858186752050493e+00
1.193230524841475404e+00
4.599858186752050493e+00
5.557831674650159925e+00
3.862665514553935253e+00
5.491474337539404615e+00
8.910039648631975950e+00
2.756194972915467647e-06
7.030056811471539820e-06
7.591087822278520747e+00
4.233919705483078388e+00
6.806987108467121850e+00
8.213331218997096173e+00
6.856648687355331617e+00
3.453007090897764364e+00
3.946178486726655610e+00
7.350073624860644195e+00
8.690126950281547025e+00
8.931871492052760431e+00
9.238726721863924851e+00
7.585569840981172263e+00
6.152715410356423220e+00
4.120967806477499273e+00
6.897783631699955231e-01
4.120967806477499273e+00
5.020060145432597487e+00
5.841489194816487540e+00
5.333969671762707421e+00
8.243411642272750584e+00
1.014335341563507065e+01
1.116301223937621145e+01
1.105606379234662207e+01
7.656228930796801002e+00
5.061507329881741235e+00
8.323423850956757519e+00
7.568736705059772696e+00
4.205934516156617065e+00
7.571662671764497254e+00
8.170587477135674348e+00
4.782725258943494318e+00
6.476679007427538437e+00
8.699835641393830699e+00
8.674703115104104967e+00
5.298140556245499511e+00
7.521563811908452912e+00
7.732451085529280732e+00
9.853993590575605310e+00
9.342109901532602123e+00
6.642486064839935089e+00
4.902708357335237466e+00
1.496322074708672734e+00
4.599663287954347979e+00
1.576900182497835701e+00
4.981696227350608019e+00
6.758179137370505352e+00
8.449446954709234348e+00
1.023198844549740372e+01
4.379242890394730779e-06
7.276881937355269932e-06
8.171329278757541559e+00
4.830436437906374003e+00
8.171713607244361910e+00
7.643827917951103501e+00
4.243079963467225824e+00
5.049678901804588449e+00
7.355137000360140398e+00
6.258368804585428435e+00
9.672043858751489864e+00
1.228173487160727362e+01
9.988665909095422180e+00
7.394133937434941295e+00
5.017643579327391912e+00
1.591346360945161686e+00
4.120969172581633977e+00
8.161584533337047365e-01
1.556888043276787315e+00
2.344680245193706103e+00
3.295350767595829566e+00
5.082551811850534840e+00
7.894845662666226893e+00
1.162022030495041491e+01
1.200498933835265447e+01
9.191589135601022420e+00
5.912735868026694597e+00
9.135637423418247138e+00
8.126095951867421618e+00
4.773504741944729624e+00
8.128506664995455822e+00
8.826867002289642272e+00
5.446392160583834574e+00
8.826227140927835890e+00
1.126088790590698352e+01
9.588645083285600279e+00
6.222520674453473788e+00
9.588836886010147609e+00
1.104735672760353715e+01
9.804655898414058157e+00
7.093713982987217115e+00
4.445676742237015588e+00
1.802751773442892169e+00
4.902411166081297900e+00
6.295614091300715920e+00
4.957827186492374416e+00
1.964819374535300422e+00
5.370059331497747834e+00
7.192080522525454711e+00
9.927757364369332649e+00
1.958941148895895074e-06
7.985833366562062227e-06
8.783865986477247034e+00
5.461972383702244471e+00
8.784341208463802175e+00
8.220405930599122613e+00
4.821691093678831308e+00
8.219783300466648512e+00
7.757478258844795249e+00
9.672268816707841665e+00
1.108601079681040602e+01
1.014581046506100037e+01
8.452805560671906804e+00
5.164893946076393405e+00
2.552839134334194071e+00
5.017644228754144287e+00
4.344529096757291597e+00
9.062366356327529182e-01
4.344515613023714806e+00
5.841188810523581409e+00
6.709312578347823575e+00
5.278922349487964460e+00
7.384788211698122495e+00
1.126042476849374907e+01
1.070936621772518826e+01
7.497452056384507735e+00
9.192697301880773608e+00
9.263622557659186185e+00
8.711582998618498053e+00
5.371296341945449804e+00
8.713097061589994752e+00
9.530334796410842912e+00
6.159564032286835022e+00
9.530260613679935489e+00
1.126405094970596821e+01
7.925559951231599953e+00
9.589200731777657083e+00
1.097037182267616195e+01
1.021237767712935707e+01
7.559131802020830015e+00
4.894217530623889090e+00
2.244837568047552967e+00
5.208785726569352015e+00
2.236151971612670319e+00
5.644080118742881069e+00
6.664029680577573167e+00
5.321712716837414092e+00
2.359867721869402413e+00
5.011229665934994415e+00
7.666981080615999922e+00
2.377968737220457188e-06
6.671027671294495842e-06
9.433582472424335563e+00
6.135794206664869854e+00
9.434345215850235888e+00
8.828057147191186615e+00
5.432021773831484879e+00
8.828409274641856541e+00
1.113655905713709870e+01
1.251482261211588742e+01
1.133073869880038309e+01
7.934905277009196567e+00
5.334020692528937957e+00
3.628694101108698611e+00
5.972857032140965750e+00
6.105042324676091425e+00
4.438075002175155603e+00
9.964324483733040250e-01
4.438075002175155603e+00
6.068095845371040298e+00
8.950395414839256603e+00
8.885423571028828960e+00
1.038753906087142553e+01
1.265332466786131249e+01
1.122056674719546088e+01
9.989703723962009008e+00
1.075155698187323772e+01
1.232967331362570640e+01
9.328485600239583064e+00
6.004992314390805497e+00
9.330266415380005895e+00
1.029345793899371131e+01
6.935606306435850854e+00
1.029002173511926266e+01
1.261906998238747768e+01
9.784637578955035053e+00
1.262083047768671129e+01
1.073285015571485523e+01
8.034407860637077903e+00
5.332317451010965215e+00
2.696573804593420665e+00
5.647183786879323542e+00
5.877373319970384813e+00
2.545721665848880377e+00
5.883034095921539475e+00
7.869016659806946201e+00
4.737845968303635580e+00
5.765338611417798909e+00
2.767288036525522799e+00
6.185257934480586250e+00
1.997874230090740390e-06
5.593545487835007876e-06
7.185734972239596452e+00
9.400499569905864661e+00
1.002851317676350718e+01
6.632352757811288413e+00
6.606465305310183389e+00
8.144448054242630519e+00
1.152857595477736830e+01
1.294914207312497822e+01
1.132163547004833859e+01
8.377300706224337645e+00
4.983570780910643094e+00
7.039631140454701175e+00
6.342738269065959500e+00
4.660210997902643371e+00
1.210663162526025349e+00
4.437392811041657836e+00
1.155626393818217412e+00
3.880739243763755120e+00
6.251939605912550491e+00
7.013789868645003089e+00
8.566517522609382596e+00
1.082724512389870775e+01
1.287475477090968923e+01
1.324660700680345116e+01
1.372369353735751751e+01
1.305474197382848089e+01
9.426898642121361860e+00
6.682379099015497204e+00
9.986526908895056565e+00
1.113543888453179775e+01
7.795413815243002809e+00
1.113545083673888669e+01
1.433896583378722411e+01
1.307295198452366236e+01
1.131058101012454209e+01
8.531782007386876643e+00
5.814232856493274149e+00
3.160946847228295109e+00
6.100859930058732061e+00
7.276232265406537003e+00
6.187283886585033699e+00
2.859907025005944181e+00
5.371891733791164469e+00
8.634798608928379693e+00
7.332993470451738105e+00
6.471887405280271288e+00
3.059003344537610580e+00
6.484238677984579091e+00
6.616945876677346087e-06
1.314225061471420224e-06
7.958907819253038696e+00
1.114425675442148744e+01
1.095311595141883387e+01
7.556720474315095970e+00
7.905206984759813871e+00
1.124632304518311265e+01
1.291426354070090632e+01
1.156258248350545692e+01
8.185650011046533336e+00
6.576311795899935753e+00
8.377299952837786279e+00
6.590667526114597052e+00
4.884327337389179569e+00
1.425893112721583478e+00
4.657828637515442516e+00
5.822522583009738462e+00
4.602886943824035626e+00
1.315354832538880858e+00
4.763915309346210769e+00
3.457480343878869267e+00
5.530566341744010295e+00
9.197076215381855491e+00
8.783221116938150885e+00
1.149707172811264400e+01
1.448489248462222889e+01
1.151796899971005494e+01
8.916499914792993309e+00
7.506005617671646313e+00
1.079521601455734903e+01
1.209174633753726624e+01
8.774863412111612249e+00
1.171762167101877772e+01
1.404869456127389604e+01
1.188235648119372811e+01
9.146190994522699569e+00
6.323273304774470915e+00
3.638804264925110221e+00
6.571808722868312636e+00
7.894893639186384426e+00
8.676534119626687414e+00
5.581724514425252082e+00
3.179917051263410066e+00
5.706015344892891861e+00
8.991123556101413783e+00
9.653392992503825099e+00
6.080709524117054343e+00
3.354508140366626812e+00
6.787571533984406713e+00
8.248403364170423462e-06
8.520216400094319191e-06
8.792683636641511313e+00
1.194110944108190431e+01
1.197929267609697312e+01
8.580967269697213240e+00
1.124539350888684197e+01
1.055004899560888454e+01
1.383071062531744033e+01
1.284635700635358546e+01
1.107232598460401896e+01
9.943768124645174566e+00
6.849330971980030824e+00
5.111727779139941141e+00
1.642361252385439396e+00
4.830448461957536743e+00
6.076380712027365405e+00
6.734400149823637882e+00
3.505835721702012187e+00
4.769322213455605031e+00
1.475906941415135787e+00
4.942908333803886833e+00
6.454404845845115979e+00
6.898975755915359720e+00
5.655688213389999497e+00
8.893144908356672929e+00
1.284470244674174211e+01
1.274373978267423269e+01
1.167009344141449034e+01
8.402696608473359419e+00
1.167137640367791995e+01
1.325746226416626783e+01
9.963580261350587719e+00
1.325763514702742718e+01
1.232587275037385943e+01
7.895973960878824194e+00
7.084550579139093252e+00
4.246667469271105055e+00
7.057220329050213792e+00
4.465013679408168734e+00
7.866685921227425382e+00
8.793949076356655681e+00
6.830633392853278529e+00
3.507412664711067940e+00
5.835815880581460391e+00
8.818605103676441459e+00
9.786804547105930396e+00
6.307699408426668874e+00
3.654413910098826435e+00
7.094304336330110594e+00
1.236646174418539669e-06
3.008531564025080027e-06
9.705935047598764243e+00
1.280611235198631981e+01
1.315031508699143714e+01
9.745527040193286084e+00
1.314451345357187861e+01
1.383028288926407612e+01
1.217448111137322364e+01
1.045223019052194324e+01
9.995065767721596828e+00
7.116782728287986082e+00
5.344136558492803779e+00
1.861788361731575137e+00
5.045341434584393880e+00
3.256917492310286377e+00
6.530198627430229052e+00
7.823234138215027222e+00
6.718069733668365018e+00
6.114689328996272266e+00
4.878318911923098966e+00
1.637418351647762060e+00
5.116843458430788694e+00
3.325628299432300761e+00
5.153133466476350399e+00
7.381030955406195027e+00
1.137115165740224221e+01
1.387001638149584082e+01
1.263811894610329922e+01
9.445716179507121169e+00
1.268062379175189847e+01
1.459635436148090726e+01
1.179779551226807754e+01
1.360827486124640373e+01
1.079943728283508619e+01
7.842615955514042447e+00
4.879143375900679480e+00
7.669270051487616868e+00
8.468062636453684178e+00
5.072167910723785589e+00
8.472274799160452119e+00
7.652490001555557697e+00
4.339447895770302210e+00
3.912062137600738065e+00
6.331275000981420042e+00
9.449978051049917838e+00
1.016129747260595728e+01
6.639797126156918416e+00
3.959043158235860282e+00
7.404710959116644453e+00
5.939058118913855728e-06
8.214532762905382425e-06
1.081305007755333847e+01
1.338554707932391885e+01
1.450102965125637944e+01
1.172605481279207851e+01
1.429385240895680731e+01
1.195816441089721316e+01
9.705737749249642832e+00
6.538835903608239519e+00
7.162236470708553959e+00
4.846768516464821985e+00
2.082543189492709779e+00
5.263296713011365036e+00
6.478276320862468296e+00
6.507087275426846062e+00
5.344936858358795284e+00
8.390283519269102541e+00
8.506856671739232212e+00
6.181069513084381128e+00
2.896075896990065512e+00
5.037613590563847943e+00
1.800655423746196471e+00
5.295052891425006791e+00
6.885534145758479774e+00
7.866035661903218568e+00
8.323166954705136789e+00
1.209461669416938001e+01
1.391918073472051454e+01
1.088791361068351549e+01
1.391885863850071203e+01
1.629427664069199722e+01
1.504447651020728038e+01
1.194066365516954953e+01
8.596399029266677871e+00
5.899464147319855023e+00
5.491272322750031520e+00
8.903562097821033916e+00
9.136021509421622611e+00
5.716114346873875540e+00
8.606482611162133978e+00
5.224806324096114452e+00
7.651489305195834589e+00
4.328329912249424538e+00
6.733013612076013565e+00
9.827266979060787833e+00
1.048699872292186797e+01
6.955501911221357858e+00
4.268542922616973101e+00
7.719588988643319993e+00
4.490933809192169535e-06
3.403143958062954112e-06
1.214049054857041376e+01
1.501129366244686381e+01
1.644413851668375059e+01
1.541136360597203847e+01
1.354215763753120072e+01
1.036292558188385193e+01
6.500285583114416177e+00
4.350487661887223467e+00
5.824042715039472462e+00
2.312304981907967960e+00
5.482232145049164451e+00
2.916061304983010860e+00
6.235011679231441839e+00
8.102544584096655456e+00
8.381919197498293173e+00
9.405728173991887431e+00
7.461185385533874559e+00
4.338604115442391773e+00
6.154628900738527975e+00
6.404834128177261832e+00
5.198045483005400591e+00
1.965227856844612209e+00
5.477187694911934024e+00
4.134332042664871310e+00
6.341398091220907141e+00
1.026117981176688865e+01
1.337295732426955297e+01
1.392687103447634378e+01
1.431479644563266618e+01
1.585453179032700355e+01
1.324516883428063352e+01
1.048285699102708968e+01
7.055111820702520298e+00
9.328626406598282017e+00
6.380509583936464502e+00
6.781308844173328687e+00
9.796374463916110997e+00
6.390956299681549879e+00
9.259765827029299956e+00
5.881721353270491726e+00
8.106726912886157876e+00
4.759412262885668987e+00
6.615287250458944612e+00
9.917971229287148915e+00
1.089699884365019678e+01
7.307626310093711552e+00
4.583118231757158156e+00
8.039247992070277959e+00
6.404060883723472651e-08
5.736482602157617839e-06
1.406238414051682106e+01
1.598038551905332483e+01
1.471635420451779730e+01
1.277469065907139267e+01
1.068436406492086199e+01
8.208610697117791233e+00
7.939434086564555848e+00
6.077377592676169726e+00
2.543627504861602162e+00
5.711728190120942017e+00
6.893841361714014404e+00
6.147623219908028069e+00
3.793944844877043643e+00
7.017027761861831969e+00
9.331523560211628876e+00
9.140872721402681478e+00
6.290322872265006637e+00
7.420122150243360970e+00
7.427751265504759282e+00
5.837623698100683711e+00
2.494082165638828563e+00
5.359557480489832493e+00
2.138026558930132826e+00
5.672383339419178938e+00
7.113810171326571563e+00
7.780921705443561542e+00
1.033943002758219443e+01
1.324623314604375324e+01
1.515506341955391356e+01
1.438875568121674853e+01
1.051180124711763852e+01
8.393226465625351906e+00
1.048251373563730837e+01
1.071959124618256887e+01
7.320432244719816239e+00
7.749379935072405523e+00
1.049868375737910853e+01
7.101759083278547102e+00
9.950500433986341875e+00
6.572948014876062395e+00
8.581101390365175163e+00
5.211457626288147793e+00
8.584080001273935778e+00
1.108697354754341191e+01
1.124408033680040120e+01
7.637966196565099786e+00
4.902907295922466879e+00
8.363847050148189410e+00
7.361193351338404963e-06
2.332966233107944773e-06
1.653621222676867220e+01
1.629236599469325242e+01
1.292907077498911050e+01
8.416252527833362862e+00
8.848454054100633570e+00
5.350459840787515908e+00
6.332667306962013853e+00
2.779341993541593503e+00
5.942992549607948760e+00
4.614445118753123687e+00
7.716261503897865914e+00
7.660969459991721742e+00
4.631243351285063703e+00
5.308841761359837541e+00
8.340573978283700285e+00
9.954832467325326562e+00
9.093914634754298731e+00
7.868986639307702369e+00
6.312012864417768654e+00
3.031601414099995395e+00
5.804147876863868127e+00
6.704542248098551482e+00
5.530923693284766962e+00
2.312026886270913018e+00
5.871413701891385450e+00
4.808435261442286723e+00
8.109554555090955574e+00
8.179637447737709621e+00
1.319523152726732462e+01
1.361821388464389493e+01
1.034019526466975769e+01
1.180970334666188748e+01
1.324022303802978762e+01
1.174979908313264509e+01
8.365757725983648641e+00
8.785946154002811426e+00
1.124546276018811142e+01
7.855123403703490048e+00
1.067766634807472492e+01
7.303807505333260508e+00
9.072008193879936400e+00
5.677667143703417629e+00
7.572037797675939430e+00
1.096168501745726331e+01
1.164099596126809288e+01
7.991296182174806084e+00
5.228123890676402930e+00
8.693659760647705070e+00
8.376942091803974566e-06
9.439902603597012800e-06
1.550044119997635583e+01
1.378235739926922321e+01
1.090250667403557294e+01
9.241045673266317095e+00
5.526352420446336566e+00
6.640525989706310916e+00
3.058387498543614136e+00
3.086764516432818795e+00
6.471547166903365955e+00
7.679323405603768471e+00
8.251124040536215176e+00
8.471749287821998209e+00
5.546744264808571856e+00
8.227815888905395170e+00
7.527681615944010751e+00
1.018760371364453299e+01
8.349632795058528956e+00
6.794648729673526510e+00
3.585745822117123005e+00
6.208609468996991509e+00
7.409060569841079413e+00
7.003492135857500855e+00
3.805839092171491078e+00
5.703761994887177167e+00
2.487660320742203446e+00
6.075104677286603305e+00
4.884245404578080318e+00
7.814063389365280443e+00
1.169432267816816129e+01
1.449228122933424068e+01
1.340910836888162549e+01
1.498575568149269621e+01
1.350759839515966299e+01
1.017359920314436827e+01
1.175001667239804704e+01
9.909567981928434577e+00
1.203968031278118112e+01
8.659958400723171579e+00
1.144730697195628721e+01
8.082025100700233722e+00
9.589920152099653095e+00
6.170926329460322712e+00
9.581696972933480438e+00
1.217736594832513397e+01
1.200500021676803719e+01
8.334949954439364816e+00
5.558942794336402926e+00
9.028697813137966932e+00
2.772689613275860480e-06
6.464240772351777833e-06
1.389423777369246338e+01
9.057101014439517428e+00
9.736069181175016851e+00
6.837121467388175056e+00
6.953101445500499800e+00
3.341377167030553874e+00
6.486942537454487123e+00
6.438945136164109684e+00
3.527273434546835951e+00
6.008135159351884802e+00
9.212250907686376777e+00
9.435400439032605391e+00
6.745876360867242738e+00
9.389159920072827958e+00
1.017892788853294128e+01
8.917788766933007594e+00
7.303782474898250499e+00
4.165226962962010226e+00
5.638752119392038686e+00
7.691397175452247659e+00
8.526045868497757141e+00
5.626332755222232862e+00
6.947334028628448621e+00
7.016184553097847498e+00
5.878598880420864425e+00
2.664365331114363133e+00
6.281717211078350793e+00
8.247290080462279960e+00
1.062786680448851762e+01
1.248549211281042304e+01
1.522007013337350934e+01
1.592034746059263206e+01
1.274468042311682403e+01
1.350764846628956839e+01
1.180064608164674844e+01
1.312057843473350793e+01
1.288460269968196847e+01
9.528870730240457831e+00
1.226793607091050475e+01
8.918567032722037879e+00
1.012549844774706997e+01
6.683359385583013790e+00
8.662928533110672902e+00
1.217713149703349629e+01
1.236327647182432621e+01
8.679826284364441591e+00
5.895589527901967664e+00
9.368708097464924833e+00
8.550506341095987197e-06
9.080655391959668644e-07
1.294112099875452770e+01
9.841712386523980172e+00
6.013484167382441292e+00
7.272120114128458823e+00
3.629235798916336631e+00
6.789997413246223523e+00
7.978432640714716584e+00
7.164646779766309592e+00
3.842722552482830789e+00
7.188733784782709080e+00
8.749652535100022277e+00
1.041196211778926717e+01
8.680838135736907546e+00
1.037815297680703530e+01
9.521587926105418376e+00
7.882568578715900109e+00
4.812742520280135494e+00
5.253648744301611551e+00
7.859816065845798505e+00
9.253985156840958126e+00
8.397608272040171684e+00
8.472912443748800371e+00
7.870131374421259096e+00
6.436189121332302143e+00
3.055710937690360840e+00
6.055750555554396897e+00
2.861495611599731870e+00
6.381403713738834860e+00
6.372046341828448313e+00
8.986820886243442885e+00
1.208621317571386022e+01
1.496140213063451263e+01
1.592008620774348415e+01
1.505331419882202049e+01
1.424379679328036907e+01
1.614113567925292614e+01
1.381987228916413990e+01
1.048089250193771349e+01
1.315172070456743825e+01
9.829709703310392399e+00
1.069265101680395169e+01
7.230457377765234561e+00
1.070462923555962753e+01
1.364545960930763080e+01
1.272340155703491149e+01
9.712446657470978906e+00
6.238316450446079742e+00
9.713910468867945625e+00
1.512165969254556280e-06
5.172522173618800653e-06
1.122270473972187510e+01
7.326068748103113926e+00
7.602932797173463264e+00
3.926984713208596656e+00
7.211136701695984641e+00
4.972567886289779970e+00
8.228553440961032805e+00
4.891401480407330915e+00
7.152081002691051737e+00
4.346360128076868889e+00
7.680101855938325173e+00
9.317210248739314693e+00
1.111697469078773537e+01
1.024004145628617657e+01
8.554452137586563865e+00
5.606303903506002939e+00
5.664562950556277343e+00
8.016973757989889648e+00
7.112665533069074897e+00
9.783175080573734306e+00
1.059652702805541402e+01
8.244628721528112436e+00
6.811400779223046875e+00
3.450882143909414612e+00
6.313553553071807656e+00
7.360854643351534499e+00
6.261830267821030915e+00
3.059581236205364263e+00
6.599284505424497738e+00
5.702640571487036958e+00
8.905803979051498231e+00
1.313507234921421407e+01
1.499689087844925872e+01
1.656226305228642559e+01
1.745497070059158773e+01
1.533056591514478306e+01
1.206891980922681640e+01
1.381802254042103151e+01
1.410642330557660529e+01
1.084161288813455570e+01
1.128292291939229308e+01
7.803571515413308290e+00
1.129339908868387354e+01
1.465928388397276727e+01
1.110981991410285730e+01
7.740161797991540027e+00
6.587009985532215950e+00
1.006899255393259907e+01
9.308321480348765269e-06
4.697217694566493646e-06
1.002985693246775156e+01
7.945395497330657975e+00
4.230501841119115980e+00
7.585201558593950288e+00
9.049728690240552709e+00
5.980650953546267523e+00
9.009788099019244711e+00
5.680880882966724776e+00
8.286660185050559235e+00
5.045161986083558148e+00
4.946023710005512442e+00
8.256306289358237294e+00
9.867203649071063509e+00
9.359842633025081682e+00
6.548243018704302365e+00
6.783828316097722855e+00
6.657678941068797762e+00
8.307906560858492995e+00
9.785409550216245478e+00
1.067009643649829442e+01
8.695529923462316901e+00
6.656201738097088594e+00
3.855353422647808781e+00
5.568217400142016160e+00
7.695404537298801806e+00
8.072435566976892574e+00
4.935395198105193337e+00
6.473789209414553270e+00
3.259703743123699482e+00
6.821095408180908315e+00
8.449628302408893177e+00
8.745292404507210904e+00
9.908101112718387782e+00
1.571618685657446335e+01
1.741292789504741378e+01
1.444869422187073482e+01
1.472841625852763947e+01
1.663133461080946773e+01
1.520468737963047978e+01
1.200263862347913957e+01
1.189955841375738466e+01
8.406555741373606949e+00
1.190901295451276631e+01
1.328060132409852656e+01
9.826247386311516507e+00
1.042996652040228689e+01
6.957501509607959989e+00
1.044283038562365995e+01
4.844515978188821531e-06
1.516404507951911657e-06
8.297147393319351139e+00
4.538236761191014601e+00
7.944020596711952820e+00
9.558505538183769801e+00
1.053077252651441675e+01
7.058955426553417567e+00
9.859876382211091084e+00
6.529876769874938702e+00
9.001118442982527057e+00
5.783896055510607148e+00
8.055816334428703485e+00
5.567787818312033288e+00
8.842258120855968073e+00
8.792020583854890603e+00
7.343092736860699965e+00
8.055958863005642456e+00
7.863829053818675696e+00
1.015030299470932462e+01
1.124255519388446700e+01
9.135402208784531908e+00
7.623965622102754303e+00
4.276665982340520422e+00
5.440722658199575790e+00
6.698761640385071381e+00
9.282793452197649842e+00
7.780273808406586333e+00
8.003494641770860341e+00
7.754354842544946891e+00
6.689917948879744003e+00
3.461278784685986931e+00
7.045329245498066051e+00
5.863613162123160194e+00
9.487466798379449173e+00
1.354946010309171989e+01
1.629303510366152707e+01
1.729300956674682865e+01
1.823526831723271613e+01
1.699829697869638068e+01
1.398906875173506315e+01
1.411863253354005110e+01
1.062785182801331985e+01
9.106794177139370561e+00
1.260576811900026684e+01
1.439835675723963071e+01
1.324554068297935672e+01
1.081450661345384212e+01
7.335956009705134839e+00
1.081835937036103701e+01
5.821638276353298100e-06
1.963162311867563203e-06
8.545418986873594136e+00
4.757326232607506533e+00
7.791832989944124321e+00
1.181642345006171269e+01
1.166722950861045938e+01
8.294762824189684025e+00
1.078207221537281590e+01
7.455197620654153035e+00
9.758912226398290812e+00
6.571602955548937253e+00
9.063266547541644513e+00
6.021147703185406819e+00
9.106836014007928526e+00
9.668843790858927534e+00
8.331547874965355760e+00
9.448287220983958790e+00
9.581832750062924120e+00
1.114222458780405134e+01
9.526899362647480274e+00
7.536455999976397813e+00
4.716164538120029448e+00
5.824469409981772650e+00
7.027844636443151494e+00
8.071690967114973247e+00
1.021392737185778721e+01
1.030542475840724315e+01
8.700022824282799050e+00
7.289179462425027900e+00
3.848198422200860502e+00
6.906746952979797349e+00
3.695122608850926582e+00
7.308425946933120976e+00
6.919627246125918063e+00
1.016740900779132595e+01
1.405628393242973218e+01
1.631141113777095342e+01
1.817388492768834496e+01
1.718039567569763904e+01
1.699222557486417884e+01
1.381110414622015803e+01
1.313069350582178885e+01
9.843864997730555899e+00
1.328173555925208049e+01
1.491727192999860208e+01
1.217930281875553433e+01
8.824449538729208342e+00
7.722732839540280558e+00
1.120672826107870712e+01
4.885186630757720770e-07
8.619476697451592946e-06
8.796418298358776866e+00
4.978085161779131518e+00
8.061707722457221337e+00
1.215884849062728179e+01
1.312676927119557924e+01
9.960646021815545481e+00
1.179176673415270038e+01
8.483144118671932077e+00
1.057597925366594005e+01
7.421417190563990296e+00
9.542290823424973922e+00
6.490344858123813232e+00
9.578339412048780588e+00
1.080836772418763481e+01
9.827334578082217220e+00
1.086103795863215282e+01
1.173292251424511434e+01
9.953450134678547556e+00
8.498886571249281374e+00
5.178710509480013435e+00
6.227538448689857731e+00
7.390942769082025521e+00
8.376995244072706015e+00
1.040613877905729900e+01
1.130502568286235920e+01
9.192309320296603303e+00
7.704746918104474318e+00
4.239108034930125335e+00
7.102368249799560829e+00
8.199306425287382183e+00
7.156535782976797044e+00
3.931646107621102892e+00
7.570546129052440953e+00
9.343224991348382247e+00
9.081505956088818721e+00
1.143812677141829504e+01
1.590632351328294725e+01
1.865250318477683678e+01
1.810826433010685577e+01
1.518700288959836797e+01
1.173095447644197264e+01
1.085187146152948401e+01
1.427430215452576689e+01
1.373633493563017360e+01
1.064052169411584536e+01
1.156596360347390551e+01
8.143135717912596050e+00
1.160759870719560283e+01
7.264714960280527717e-07
6.538243039605522135e-06
9.049864112824282714e+00
5.200509403872282554e+00
8.286995081004127073e+00
1.238617315603336522e+01
1.477800687487770048e+01
1.243830742893158536e+01
1.263800010953758246e+01
9.761552968067716662e+00
1.147221984496022174e+01
8.353281341145999406e+00
1.003748400360420945e+01
6.977312206342881851e+00
1.006953284723901731e+01
1.180841615136761291e+01
1.155441770859420636e+01
1.229864432369345373e+01
1.041542369768719922e+01
8.968820720418097636e+00
5.676304896942053091e+00
6.248270217696021867e+00
8.270766309118419812e+00
8.704213167268564533e+00
1.065742502470539677e+01
1.149781072302900142e+01
9.694772071654480072e+00
8.158556102830658574e+00
4.637647696167567446e+00
7.328450698682400066e+00
8.470159323163917620e+00
8.963509748708462510e+00
5.805067836818201599e+00
7.412608508985831790e+00
4.171796396729765100e+00
7.848375010857742140e+00
6.359737037877399857e+00
8.498957031181229027e+00
1.163578864488064291e+01
1.745879585851989901e+01
1.807393384003395198e+01
1.452189597104571028e+01
1.501943074061632721e+01
1.199355073544864858e+01
1.538535018662930476e+01
1.481771819967381276e+01
1.314410165744219228e+01
1.195530486075122845e+01
8.575057973411714940e+00
1.196859755033573336e+01
4.358084554369925038e-06
4.459309634645155166e-06
9.305536093002753972e+00
5.424622389612903994e+00
8.066208410071055823e+00
1.147914129325575594e+01
1.603753955378074636e+01
1.564552861096554004e+01
1.371995102564373248e+01
1.145074402976763572e+01
1.238214485484943417e+01
9.400522886016123181e+00
1.055472078973341432e+01
7.484418545134968959e+00
8.844867418875635323e+00
1.183258544372395171e+01
1.277083961677931789e+01
1.096192604851494323e+01
8.535376417686588724e+00
6.210573739413081107e+00
6.769116497182633196e+00
8.632104121990876067e+00
8.102089167710929019e+00
1.066667244163761730e+01
1.171698261800907304e+01
1.010465830180467961e+01
8.638626397947987812e+00
5.054758287531806893e+00
7.733143748020133934e+00
6.302403277405011828e+00
9.335938312944197293e+00
8.609995306018749517e+00
8.843007298973892816e+00
8.684480472524414907e+00
7.670670815349278193e+00
4.413728004073766975e+00
8.143169168742621977e+00
1.000778630272369263e+01
1.134301659523113948e+01
1.429284808593354583e+01
1.800574359464967600e+01
1.798809223214025366e+01
1.657596084338688058e+01
1.365727355031165047e+01
1.651867538420858494e+01
1.509136925234047055e+01
1.422878902256985079e+01
1.240101683695432477e+01
9.019784080657752057e+00
1.232798104405674167e+01
8.728624725905228735e-06
3.006125814437199598e-06
9.562788982462944176e+00
5.650561086882908590e+00
9.561538158404713883e+00
1.179154809015691363e+01
1.468037170477507303e+01
1.664543942649376262e+01
1.521778317495233424e+01
1.458822962928323896e+01
1.248098152478046607e+01
1.086198900249670629e+01
1.112205875442045766e+01
8.050345908463151900e+00
1.114363805134819074e+01
1.293900719488373419e+01
1.162102394205695433e+01
9.055741872880622267e+00
6.828750345864825100e+00
7.047962533209832792e+00
8.815098988285424042e+00
8.770076007221668135e+00
1.070364947564521430e+01
1.159040197399902539e+01
1.053011436432457870e+01
9.097361458052020566e+00
5.486970539771258260e+00
6.632612728965081139e+00
8.912347730492255593e+00
7.934029325162518020e+00
1.033930214282043991e+01
1.108627077816263018e+01
9.707168528837639698e+00
8.343278754686481946e+00
4.807919701834515003e+00
7.924812050125429330e+00
4.726042895505724317e+00
8.502117295958893095e+00
7.709879472132458389e+00
1.124689277810201382e+01
1.553490909158557720e+01
1.875693534376796379e+01
1.709125370419229029e+01
1.688398993693747130e+01
1.566288671160047663e+01
1.263839524531684688e+01
1.122962705491780966e+01
1.022759102035305823e+01
9.562967812534189704e+00
1.278484538703725093e+01
4.288765071261588711e-06
8.711579070835353468e-06
1.010468005751580733e+01
6.168369042488352605e+00
6.006776806438415939e+00
9.412450814375553421e+00
9.671538240542775000e+00
1.494272057462648462e+01
1.731869721311381127e+01
1.644847450683233703e+01
1.431927906846930476e+01
1.324720639581363990e+01
1.168164935200594812e+01
8.649725837869192802e+00
1.173477268901265447e+01
1.257868712102740183e+01
1.078147457232105033e+01
7.565251079169142301e+00
7.742368135079190417e+00
8.068490645971339248e+00
9.348799476653539386e+00
1.103004168193552559e+01
1.188992234764818789e+01
1.095394278763836660e+01
9.580893391448356056e+00
5.939416381216656049e+00
7.038060508608369403e+00
8.190069576665864659e+00
9.226408879577762789e+00
1.073294184001559870e+01
1.166716589552700256e+01
1.031631578306926755e+01
8.805061643865800036e+00
5.207807073522709551e+00
7.279508428983150203e+00
9.170372439876828707e+00
8.251440988352783279e+00
5.042186179458460593e+00
8.969431568356675655e+00
8.351584193345791718e+00
1.139652674303502877e+01
1.714170777342613405e+01
1.923532600768245970e+01
1.898219694077507569e+01
1.538680250313740139e+01
1.514786629206205326e+01
1.307594740231146169e+01
1.203448862863330149e+01
1.012558676118112899e+01
1.344130940810656227e+01
1.521536283143079079e-06
5.970480083590970349e-06
1.064682806790273872e+01
6.699180767151809768e+00
9.952651785488804137e+00
6.367127928462537056e+00
9.840828591441555417e+00
1.068802675518650780e+01
1.575821210675451312e+01
1.773760050015420120e+01
1.630720705669693871e+01
1.294628488596113591e+01
1.038162438311614366e+01
9.752338746258446989e+00
1.000627114774546378e+01
1.171428692974111740e+01
8.392574846429127433e+00
8.841038218222545098e+00
8.703432493328348230e+00
9.324880070671683896e+00
1.106676745752328017e+01
1.209403552668591431e+01
1.138261369117193667e+01
1.009057875865283371e+01
6.423692850246144559e+00
7.063968826220787811e+00
8.734530987704914651e+00
9.568704650951170620e+00
1.146161012372522414e+01
1.237717989812879793e+01
1.095479818411801531e+01
9.356807025083554663e+00
5.619682185182382383e+00
6.670349551498365948e+00
8.175754033171255486e+00
9.738865283077071666e+00
6.642803549062080926e+00
8.581856334602210978e+00
5.368299032579191277e+00
9.249969292426182932e+00
1.094538572413658173e+01
1.260881384151139883e+01
1.646116904307174522e+01
2.012051805622531475e+01
1.878826540994036165e+01
1.664151962694609210e+01
1.532403996251985134e+01
1.386604931743922364e+01
1.073619279010986816e+01
1.414360245401869420e+01
3.629011809173548858e-06
5.327523429447196544e-06
7.789706289406418627e+00
7.470028727066181595e+00
8.801435618170494024e+00
9.452156355589032444e+00
6.735014463752341030e+00
1.015485369056077758e+01
1.135149268560800628e+01
1.638495865324969714e+01
1.648665661046108966e+01
1.306725948617678235e+01
1.353720983929093968e+01
1.097644591264149838e+01
1.103947467864307619e+01
1.186970846350351749e+01
9.014643161888619360e+00
1.018073632509199733e+01
9.726378718729245421e+00
1.128712680157640946e+01
1.212903319652033751e+01
1.182673198742729070e+01
1.062910682713834198e+01
6.939807640190887916e+00
7.561878206087076393e+00
9.235567752529075136e+00
9.179175302538187253e+00
1.165451224218585580e+01
1.262679841386746560e+01
1.148576141125890793e+01
9.964954949832693032e+00
6.057697142480352959e+00
6.448478755397616169e+00
7.530732865093223261e+00
9.046248158934853123e+00
8.685524137996491589e+00
8.769577633961571195e+00
9.810874877868826616e+00
8.937675290386540183e+00
5.700015032563919171e+00
9.607457111833554109e+00
8.925097234202485907e+00
1.291478685236380564e+01
1.762845728619090480e+01
2.050504392831965106e+01
1.871592484051004135e+01
1.530466213449055068e+01
1.267009397274495086e+01
1.147433141684354396e+01
1.494613912092435370e+01
1.238032696096388394e-06
9.968939714190939256e-06
8.590816859848596110e+00
8.270914939276213573e+00
9.623054921632570924e+00
7.564666377086390447e+00
9.357365823821723438e+00
7.151303797352787761e+00
1.053443743812244371e+01
1.383709537752080720e+01
1.736027762135428176e+01
1.642919006233578472e+01
1.479481646298443742e+01
1.259463618645924576e+01
1.217643729404405484e+01
1.265194324408631132e+01
9.705857033889387253e+00
1.117493027410127304e+01
1.107244123189596685e+01
1.236843973458107726e+01
1.230361418960149145e+01
1.120856656265253903e+01
7.510101198032316461e+00
7.868012631530625356e+00
9.222373560200150422e+00
1.002617979060417319e+01
1.175738253031755676e+01
1.271948332052476083e+01
1.203447986365789291e+01
1.056562901234494589e+01
6.551493576293052179e+00
6.825661807880844201e+00
7.397657397413881952e+00
8.385904354372215153e+00
9.885591311762864208e+00
1.035151143664774587e+01
1.009622451533347487e+01
9.930328372461366016e+00
6.224296058539594334e+00
9.301989791217826209e+00
6.136395390442761943e+00
1.010602646838078122e+01
1.005889792741780120e+01
1.406349064241881841e+01
1.863256084014388847e+01
1.911642234491226944e+01
1.542035862479836439e+01
1.527043413337614908e+01
1.226089890358792722e+01
1.578795228458584887e+01
2.331594151836668975e-06
9.237419623708959367e-06
9.425287347547605776e+00
9.105234208923988604e+00
8.796549902591271675e+00
8.441688897135517067e+00
8.374336613344953051e+00
9.272025940769704988e+00
7.602960541209720091e+00
1.098689614374521284e+01
1.447288725119748243e+01
1.764487097419931416e+01
1.687655620151035052e+01
1.514493781290088137e+01
1.347013283666342609e+01
1.354071454256732920e+01
1.049174186660686203e+01
1.214258640004405976e+01
1.267721743672475654e+01
1.282384822234725874e+01
1.184645910713314798e+01
8.158531874836034703e+00
8.421083285589510581e+00
9.006209291539514439e+00
1.026832197070311992e+01
1.195288550292001872e+01
1.298916749637671053e+01
1.259288470983121933e+01
1.121492386026524102e+01
7.095388950891189594e+00
7.473489369965637508e+00
7.692687589403827353e+00
8.423245652537296735e+00
9.435577609456251125e+00
1.080403409480714672e+01
1.103210148820881287e+01
1.009051548879310189e+01
6.810667474508703023e+00
7.128834327860573694e+00
7.394551883276907489e+00
9.732870219163730852e+00
6.613258797763656105e+00
1.063335072390087532e+01
1.122034347926181752e+01
1.660705472112881509e+01
2.053101188019607193e+01
1.886012756729411421e+01
1.655302434988171001e+01
1.314029846065160534e+01
1.670369693794836152e+01
6.849390559594993391e-06
6.477399274681901896e-06
1.029711815250782436e+01
9.977033836168688552e+00
9.712306300940319659e+00
9.364380055446142492e+00
9.279979025042342400e+00
8.900592611221094685e+00
8.528261228311341924e+00
8.126820182455551489e+00
1.143204231609956700e+01
1.512777811725600685e+01
1.807752411561732941e+01
1.722320727585044864e+01
1.520364187007834289e+01
1.456255730388935277e+01
1.141623506939287758e+01
1.317329838339056813e+01
1.342096018902241994e+01
1.256622240894906817e+01
8.933896154388097699e+00
9.098053848729703574e+00
9.378696153317306994e+00
1.049727959179383419e+01
1.194053369421386890e+01
1.314919657794837882e+01
1.318045882820017844e+01
1.191466155504206448e+01
7.700093766729095179e+00
8.083348381862778709e+00
8.441520291955367128e+00
8.630773584599346293e+00
9.523774847034738755e+00
1.063930610951860878e+01
1.168068354331875192e+01
1.100282008019178370e+01
7.484956613713000806e+00
7.789192220635298369e+00
8.081143916235717484e+00
8.329580816831191115e+00
7.944569587528735433e+00
7.559089306961995547e+00
7.177569488165205236e+00
1.123865969764001704e+01
1.366851613217858663e+01
1.849614960040211997e+01
2.022452935452263034e+01
1.676746184213578772e+01
1.414426573988237656e+01
1.772015051364988736e+01
3.569703288636235628e-06
3.815646354958825792e-06
1.121109315174447474e+01
1.089116736428476884e+01
1.067937062834774942e+01
1.034032114371971467e+01
1.023188593089596310e+01
9.866087172640067848e+00
9.503094988921892750e+00
9.113819195195240752e+00
8.702693023368672343e+00
1.198641504115065182e+01
1.579732135521086889e+01
1.846236455918155528e+01
1.734215621679143027e+01
1.418029911747309058e+01
1.286896778032901878e+01
1.432490550784000227e+01
1.340538829518727404e+01
9.932556294383958928e+00
9.950521500085095283e+00
1.010683411612294869e+01
1.049536772686094466e+01
1.199684610666600015e+01
1.324635361015571178e+01
1.375938850984948125e+01
1.268782915233454034e+01
8.381147699225056868e+00
8.767814326579513207e+00
9.126968081840145075e+00
9.463605112592407664e+00
9.650907209669046694e+00
1.074028659788276485e+01
1.184616788139005905e+01
1.189101614690502018e+01
8.280987874785559200e+00
8.554123673856739885e+00
8.827247846354575600e+00
9.087882771145965322e+00
9.315890174487433839e+00
8.938989259206431726e+00
8.559500017394773508e+00
8.184185503282844110e+00
7.807978328014130831e+00
1.148153975721875497e+01
1.565243893127128949e+01
1.959781405717018643e+01
1.897670363775443292e+01
1.538458024526730483e+01
1.889321871673071840e+01
3.911594337372119419e-06
9.891948987428213308e-06
1.217300872673953904e+01
1.185351564464926710e+01
1.170303748851110726e+01
1.137644842397140010e+01
1.123670174140861278e+01
1.088660501249216317e+01
1.053499017831112816e+01
1.015928830688787166e+01
9.762714098085433889e+00
9.341653042344518099e+00
1.288978465918275873e+01
1.649304657618317549e+01
1.872826624490962999e+01
1.719495895794545604e+01
1.490558596297618799e+01
1.484609233561022457e+01
1.170937877459717669e+01
1.092380259925805852e+01
1.104859929698579535e+01
1.119208363078833912e+01
1.186398359564818250e+01
1.338282927049534443e+01
1.431734477546765305e+01
1.352463043853029845e+01
9.161639612146180056e+00
9.546884301671592965e+00
9.903282473538428832e+00
1.023595791540197020e+01
1.054913891756087096e+01
1.077893152869367910e+01
1.191811478666250679e+01
1.251195712929325765e+01
9.265561467815670582e+00
9.467154697607991665e+00
9.698583361739308017e+00
9.932820788838037984e+00
1.015551447642824456e+01
1.035982335362615814e+01
9.993191317305379684e+00
9.621711412597948154e+00
9.255290380731022282e+00
8.886081152547513184e+00
8.519119601895077665e+00
1.232277377004072783e+01
1.662704051032244479e+01
2.016483442392433290e+01
1.814171000405299239e+01
1.826440021389805324e+01
8.396874729905712151e-06
8.311919603391834107e-06
1.319005960764681262e+01
1.287137648110889820e+01
1.278585631552304491e+01
1.247666570449083956e+01
1.230238314142729905e+01
1.197066197410887867e+01
1.163315439826522457e+01
1.127308543049515599e+01
1.089282788012542547e+01
1.048927394502139698e+01
1.005936079743016620e+01
1.500821899642927804e+01
1.724230327479924796e+01
1.880817394663334596e+01
1.753293856141275597e+01
1.423286692702302858e+01
1.487742651194825783e+01
1.198181361341580242e+01
1.223984807957719312e+01
1.236863716674059965e+01
1.344483264928883770e+01
1.478573726231385699e+01
1.442920758683336402e+01
1.007890843642930001e+01
1.045162858962600794e+01
1.079550017641776805e+01
1.111842477879429936e+01
1.142182372844263583e+01
1.170826068162309497e+01
1.195147988692024477e+01
1.301801074724485119e+01
1.061296663433465604e+01
1.061295268388528612e+01
1.075115480095554510e+01
1.092732852055850223e+01
1.111348786157116919e+01
1.129178500293485499e+01
1.146955174966523394e+01
1.111525013058095901e+01
1.075397154415208689e+01
1.039923557325888126e+01
1.004057528815716438e+01
9.682023023601741940e+00
9.333817165846028274e+00
1.324359348250405510e+01
1.768421657074042130e+01
2.100872607186735763e+01
2.085484304008921796e+01
6.286993216570636849e-06
3.621836135509692858e-06
1.427143115570303955e+01
1.395407628258667998e+01
1.392965128629091076e+01
1.364287948426983199e+01
1.343868698459154487e+01
1.312829085050807087e+01
1.280836203012691143e+01
1.246713937998887367e+01
1.210613356884319458e+01
1.172238902200215271e+01
1.131313950485674447e+01
1.086986284689478843e+01
1.595831936417638275e+01
1.810293857632726144e+01
1.894155003111713143e+01
1.750752178353361899e+01
1.532858625754551163e+01
1.328142264137981066e+01
1.354162275002678939e+01
1.375774151311686211e+01
1.508034093005728948e+01
1.537444444918076236e+01
1.120220092562445835e+01
1.153233264632764410e+01
1.184377369637194732e+01
1.214220038108678601e+01
1.242785064301185471e+01
1.269737699812803911e+01
1.295257894075850835e+01
1.318507890697961926e+01
1.274470343323781307e+01
1.219090435673773776e+01
1.209333735594852577e+01
1.214250439004456794e+01
1.224924607773542107e+01
1.237917600615179303e+01
1.250740393951902796e+01
1.265605860427185725e+01
1.231625032052818725e+01
1.196767369484903831e+01
1.162714925173566982e+01
1.128216749695243237e+01
1.093601823132887674e+01
1.059767720676990699e+01
1.029182131113632792e+01
1.424934174142762267e+01
1.884692342162809453e+01
2.225796586038219615e+01
7.753359303428169680e-06
8.274560805996136536e-06
1.542920570201651387e+01
1.511390713606549774e+01
1.514034039763601669e+01
1.488006110340403687e+01
1.465819527836628389e+01
1.437203369246203088e+01
1.407375570325754666e+01
1.375566214756486971e+01
1.341837653299590194e+01
1.305855969331023303e+01
1.267287119900429282e+01
1.225593643350205397e+01
1.179809025817127655e+01
1.703952233448399056e+01
1.904468417756846677e+01
1.940209405858585257e+01
1.788023021282337055e+01
1.489202933531437623e+01
1.497664750431101588e+01
1.523827036927027478e+01
1.627172369540309305e+01
1.271115135859877121e+01
1.288800787327556741e+01
1.311442297653723088e+01
1.335909521019669199e+01
1.360641483368207716e+01
1.384833208811617133e+01
1.407788093746187208e+01
1.429666934129862099e+01
1.450248788279649936e+01
1.432208757414139377e+01
1.390133868807945028e+01
1.370429734373335684e+01
1.364933608259015507e+01
1.367684638038647194e+01
1.374373780666033973e+01
1.381662841847614409e+01
1.393381656617226660e+01
1.361119371183708537e+01
1.327845997708839754e+01
1.295494516860722278e+01
1.262659626836620497e+01
1.229639537208484690e+01
1.197236945996078283e+01
1.167765662807025429e+01
1.146496509269062614e+01
1.523028343909737536e+01
2.040890713421792313e+01
2.082030978462834383e-07
8.181289427476375352e-06
1.667984027104753864e+01
1.636765287410758418e+01
1.643228492859628886e+01
1.620165169222639534e+01
1.597807429934537637e+01
1.571903757932348000e+01
1.544692859009870034e+01
1.515700145735406323e+01
1.484910721502237507e+01
1.451923649346420575e+01
1.416310137262110480e+01
1.377648671511253475e+01
1.335362405058901381e+01
1.288090210194398644e+01
1.827034361419328334e+01
2.008271741049873427e+01
1.953877482495323648e+01
1.704058833036427956e+01
1.657059872189085326e+01
1.687298742873622714e+01
1.512028210052407573e+01
1.476871706219770886e+01
1.474533963742433151e+01
1.485755891472676993e+01
1.502476016338269638e+01
1.521070142246939128e+01
1.540032243708862758e+01
1.558286281359216829e+01
1.575944135991143646e+01
1.592879221811857526e+01
1.591880156321965956e+01
1.565543389474493630e+01
1.542525371621532493e+01
1.527856224797286266e+01
1.522509369625680087e+01
1.522429353707199340e+01
1.523791866282593688e+01
1.532204537937890798e+01
1.502013327602553971e+01
1.470732832045726823e+01
1.440449348404739993e+01
1.409641296790385390e+01
1.378599757557346805e+01
1.348047971124973721e+01
1.320172790082727055e+01
1.299835628074111860e+01
1.301369532293664832e+01
1.868506002026062163e+01
6.022713243058210461e-06
9.703780505934341783e-06
1.804675075997170808e+01
1.773926433183027385e+01
1.783087164533031554e+01
1.763286780630741646e+01
1.742292023061228079e+01
1.719434598587187324e+01
1.695342057263544433e+01
1.669726587867772949e+01
1.642530291599701897e+01
1.613284308990206384e+01
1.581495526241622684e+01
1.546732595578557046e+01
1.508490314697407619e+01
1.466189431043255986e+01
1.417722093777495296e+01
1.970197102599019345e+01
2.112607687405179391e+01
1.948591415923599257e+01
1.834574800410867823e+01
1.800029264244366800e+01
1.746885673503153313e+01
1.698498537328760349e+01
1.680443788232605584e+01
1.679481951778887350e+01
1.686990926083427311e+01
1.698222498377976564e+01
1.711007253787413163e+01
1.723785843132247209e+01
1.736579456891953654e+01
1.749170873343677357e+01
1.755359551353152980e+01
1.742599804273428887e+01
1.723268119606785831e+01
1.703145498633627142e+01
1.690776531498138269e+01
1.684116084604512764e+01
1.679606462963642954e+01
1.684734951688416515e+01
1.657072308798677795e+01
1.628316620302542717e+01
1.600593210003820488e+01
1.572309407437050943e+01
1.543752781054256040e+01
1.515540716350461636e+01
1.489788365480262300e+01
1.470846130713423783e+01
1.472665650638611190e+01
1.542669272855253659e+01
5.033873070871653789e-06
9.796542081783736510e-06
1.956513914208969496e+01
1.926487044994907194e+01
1.937541739973716659e+01
1.921362169360200767e+01
1.902975373422199112e+01
1.883605775625997580e+01
1.863210636879077242e+01
1.841611039642200609e+01
1.818753162503312026e+01
1.794126962702429751e+01
1.767233814824363591e+01
1.737634112716169810e+01
1.704759911511568760e+01
1.668262075282167700e+01
1.627560688005067036e+01
1.579513299284175964e+01
2.129755028518636806e+01
2.210927592819023246e+01
2.031698248388669725e+01
1.994250987977808975e+01
1.967307880271672005e+01
1.929146459638853628e+01
1.904664578859522095e+01
1.893822129791514897e+01
1.892028556554125629e+01
1.895208166985396403e+01
1.901053450136944889e+01
1.907636839045629529e+01
1.914937951969269037e+01
1.922612211929806136e+01
1.929105230212376654e+01
1.925018766355770339e+01
1.912330909108395716e+01
1.891057802128780807e+01
1.874098050363018686e+01
1.862194892619129405e+01
1.852717477709789407e+01
1.854881949342735581e+01
1.830339170052742404e+01
1.804800528785557745e+01
1.780288037826193914e+01
1.755205226961977516e+01
1.729835296432378300e+01
1.704633051588378834e+01
1.681684246077295342e+01
1.664800904612635080e+01
1.666960557248702557e+01
1.735624169758256485e+01
4.879569024571861713e-06
5.512227090297125757e-06
2.129148701627502760e+01
2.100263422692636439e+01
2.112666142290494875e+01
2.100560447418355992e+01
2.085759344555646067e+01
2.070470982033118901e+01
2.054464202204380996e+01
2.037639504637013133e+01
2.019994741832790197e+01
2.001020979803072564e+01
1.980283783559097444e+01
1.957428286271975537e+01
1.931913492840831026e+01
1.903559093094134980e+01
1.872449991957016735e+01
1.839946336982781716e+01
1.805355356161961922e+01
2.316458932691593375e+01
2.252127892763087402e+01
2.197580224816326933e+01
2.185912795081842930e+01
2.163253133825898900e+01
2.141842122078882937e+01
2.127087812313523685e+01
2.118775590267598474e+01
2.114892099490467103e+01
2.113956572304788395e+01
2.114160838458011682e+01
2.115673440294998287e+01
2.118115489324324940e+01
2.121449655463490913e+01
2.120665687825070833e+01
2.113578374461834031e+01
2.094313475985962469e+01
2.075955873511217931e+01
2.061339581695789747e+01
2.048883867621291088e+01
2.048783130795132479e+01
2.028134612780959500e+01
2.006717272749742520e+01
1.986275054058642553e+01
1.965301566817539225e+01
1.944084098913024761e+01
1.922850993502186512e+01
1.903674841993966282e+01
1.889773710800433548e+01
1.892412202130147136e+01
1.958425267229254985e+01
2.893760872617594677e-06
6.743395698941289031e-06
2.332055731701986190e+01
2.305026792714098605e+01
2.318280636335030920e+01
2.310784893364211712e+01
2.300431343900575953e+01
2.289969185882841884e+01
2.279156505998795268e+01
2.267981820076714428e+01
2.256528595520411784e+01
2.244322974426527040e+01
2.231051737069137531e+01
2.216554702304787838e+01
2.200492377029972957e+01
2.183112393555471442e+01
2.165285739800691189e+01
2.151641208806263350e+01
2.149778883826146725e+01
2.181543386978664856e+01
2.481743104649306986e+01
2.420173075800555296e+01
2.415122920115617333e+01
2.404080924669080233e+01
2.390267273978823326e+01
2.377590166857895682e+01
2.367509505850386731e+01
2.359712187092326019e+01
2.353919867273220845e+01
2.348930053391620376e+01
2.345364037098948273e+01
2.343013579553044323e+01
2.342280082068301184e+01
2.340964759082646296e+01
2.336648860563425245e+01
2.320998043853277792e+01
2.304386310930914306e+01
2.290271085265419515e+01
2.277748393455927456e+01
2.276466963550154432e+01
2.260737763248895860e+01
2.244608283782030256e+01
2.229360234788893891e+01
2.213688436063269194e+01
2.197913067705577106e+01
2.181985702629966184e+01
2.167966008573027281e+01
2.158303231282663504e+01
2.161686912570635855e+01
2.222428777785696496e+01
7.278195882320387812e-06
5.439108264321138626e-06
2.579214137922643602e+01
2.555124584504120833e+01
2.568623803471986378e+01
2.566345447884990705e+01
2.561319402301940329e+01
2.556530282280502675e+01
2.551767661774318796e+01
2.547114649841707035e+01
2.542720972853697603e+01
2.538113286899152499e+01
2.533062635824017761e+01
2.527563883862273286e+01
2.521444697719087813e+01
2.515257535792981614e+01
2.510308925637909638e+01
2.512399818788616201e+01
2.525631526311059716e+01
2.569313333021538881e+01
2.639950539330948587e+01
2.671207412933318892e+01
2.669057455424175274e+01
2.664654573089799783e+01
2.657960598301022159e+01
2.650220303219899165e+01
2.642405109786520967e+01
2.634680536690634867e+01
2.627416969671599034e+01
2.620032119847370211e+01
2.613527952009387079e+01
2.608002715748136779e+01
2.604014357588005169e+01
2.600806390798940981e+01
2.597079589442116188e+01
2.585872490335864882e+01
2.573607617386144142e+01
2.563062748593911522e+01
2.553594763888996155e+01
2.552431255195802251e+01
2.542903018445499441e+01
2.533447811827034357e+01
2.524740499739361610e+01
2.515780772508860608e+01
2.506975140519491418e+01
2.497969663158943376e+01
2.490816543075048273e+01
2.486904556583782622e+01
2.491339053120515246e+01
2.542005872367482056e+01
5.462186558498288868e-06
9.297018217631729457e-06
2.891734796240608318e+01
2.872208189617064278e+01
2.885043109621247837e+01
2.888647755818326246e+01
2.889926993351705065e+01
2.891716851486698303e+01
2.893840746803850550e+01
2.896451850730743871e+01
2.899669422251664130e+01
2.902902890549531634e+01
2.905877670994209794e+01
2.908571305925201855e+01
2.910778870831138576e+01
2.912874857634766812e+01
2.915715204318547649e+01
2.923604263681037096e+01
2.933283476147028423e+01
2.950788753357055327e+01
2.966112621286929851e+01
2.969156253982648153e+01
2.969185086007576402e+01
2.968902342315037757e+01
2.967855083999178945e+01
2.965636399529884670e+01
2.962135633192872319e+01
2.957319006756510404e+01
2.951589841083224286e+01
2.944778493214754178e+01
2.937925038942494282e+01
2.931399474116397386e+01
2.925738970367306635e+01
2.921062882328847365e+01
2.917304461587377773e+01
2.911582504842315444e+01
2.905910465413723642e+01
2.901561951458414512e+01
2.898015985022859553e+01
2.898333716581609210e+01
2.896558152595924085e+01
2.895352755106511111e+01
2.894694476550954931e+01
2.893977458905455435e+01
2.893766780613809075e+01
2.893375085016987569e+01
2.894850744054248892e+01
2.898150007624837343e+01
2.903669386571569788e+01
2.936868795414973121e+01
4.317039217083673920e-06
4.670907949120683103e-06
3.606888905058756159e-06
2.072189140060290779e-06
9.301443051388277359e-06
2.914094178473122143e-06
3.974936124795928921e-06
6.267427464191504844e-06
3.053071506110449594e-08
3.245704903744546412e-06
2.436844284475605430e-06
2.094757989354610988e-06
7.981651906805989951e-06
4.257851119460220909e-07
9.193395010714746986e-06
9.833968793655106268e-06
5.170465361991842450e-06
1.541297619437491574e-06
2.284062087371922088e-06
4.533253116989406525e-06
4.207558651953976146e-06
4.185453846290514158e-06
1.264930862269521108e-06
3.037941550282360460e-06
3.843722204256474600e-06
2.128614425317224385e-06
6.639526677135906244e-06
4.699111539099763613e-06
8.726976465512606670e-06
6.543195680957118312e-06
9.631817345178109399e-06
7.395603609641435008e-06
3.914781231947566843e-06
6.448711460811464599e-06
4.196708637019627318e-06
5.078221966342095635e-06
5.888013939257332053e-06
1.486490603848824616e-06
2.221168850223207463e-06
5.622900580828952153e-06
6.486077967898359596e-06
5.051172265497584102e-06
2.328399555280428248e-06
6.811312080659278881e-06
4.205021532681160333e-06
8.856782978865311427e-06
1.657370790202038459e-06
8.814274572573703166e-06
1.320056604485253415e-07
2.489621065585787579e-06
8.883428517933422201e-07
