7.466317552345667075e-01
6.221058507818892913e-01
5.331587761728338037e-01
4.086328717201563876e-01
2.975799463292118086e-01
2.368430846364821818e-01
1.865270209382671185e-01
1.509481910946449679e-01
1.257901592455374917e-01
7.547409554732253945e-02
7.547409554732253945e-02
5.031606369821495228e-02
2.515803184910747614e-02
2.515803184910747614e-02
2.515803184910747614e-02
2.515803184910747614e-02
2.515803184910747614e-02
2.515803184910747614e-02
2.515803184910747614e-02
2.515803184910747614e-02
2.515803184910747614e-02
2.515803184910747614e-02
2.515803184910747614e-02
2.515803184910747614e-02
2.515803184910747614e-02
2.515803184910747614e-02
2.515803184910747614e-02
2.515803184910747614e-02
2.515803184910747614e-02
2.515803184910747614e-02
2.515803184910747614e-02
2.515803184910747614e-02
2.515803184910747614e-02
2.515803184910747614e-02
2.515803184910747614e-02
2.515803184910747614e-02
2.515803184910747614e-02
2.515803184910747614e-02
2.515803184910747614e-02
2.515803184910747614e-02
2.515803184910747614e-02
2.515803184910747614e-02
2.515803184910747614e-02
2.515803184910747614e-02
2.515803184910747614e-02
2.515803184910747614e-02
2.515803184910747614e-02
2.515803184910747614e-02
2.515803184910747614e-02
2.515803184910747614e-02
2.515803184910747614e-02
2.515803184910747614e-02
2.515803184910747614e-02
2.515803184910747614e-02
2.515803184910747614e-02
2.515803184910747614e-02
2.515803184910747614e-02
2.515803184910747614e-02
